State,City,Name,Language,Time(IST),Type,Price,Capacity,Booked
Maharashtra,Nandurbar,MirajCinemasNandurbar,Hindi,09:00,Special,130₹,24,0
Maharashtra,Nandurbar,MirajCinemasNandurbar,Hindi,09:00,Executive,150₹,72,0
Maharashtra,Nandurbar,MirajCinemasNandurbar,Hindi,09:00,Gold,200₹,9,0
WestBengal,Siliguri,CarnivalCinemaSiliguri,Hindi,09:00,Special,110₹,42,0
WestBengal,Siliguri,CarnivalCinemaSiliguri,Hindi,09:00,Executive,110₹,207,0
WestBengal,Siliguri,CarnivalCinemaSiliguri,Hindi,09:00,Gold,160₹,51,0
Gujarat,Surat,BajrangCinemaVedRoad,Hindi,09:00,Prime,150₹,134,114
Goa,Goa,InoxOldGmcDbRoad,English,09:05,Club,140₹,126,0
Goa,Goa,InoxOldGmcDbRoad,English,09:05,Executive,140₹,42,0
Goa,Goa,InoxOldGmcDbRoad,English,09:05,RoyalRecliners,200₹,22,0
Goa,Goa,InoxOldGmcDbRoad,English,09:05,Royal,140₹,82,0
Gujarat,Surat,CinepolisImperialSquareMallAdajan,Hindi,09:10,Normal,140₹,22,0
Gujarat,Surat,CinepolisImperialSquareMallAdajan,Hindi,09:10,Premium,160₹,33,0
Gujarat,Surat,CinepolisImperialSquareMallAdajan,Hindi,09:10,Executive,140₹,67,0
Maharashtra,Pune,PvrIconPavillionMallShivajinagar,English,09:10,Classic,110₹,28,0
Maharashtra,Pune,PvrIconPavillionMallShivajinagar,English,09:10,Prime,130₹,134,15
Maharashtra,Pune,PvrIconPavillionMallShivajinagar,English,09:10,Recliner,230₹,8,0
Gujarat,Vadodara,PvrTransCubeVadodara,Hindi,09:10,Classic,140₹,42,0
Gujarat,Vadodara,PvrTransCubeVadodara,Hindi,09:10,Prime,140₹,137,19
Gujarat,Vadodara,PvrTransCubeVadodara,Hindi,09:10,Recliner,300₹,7,0
Maharashtra,Mumbai,MovieMaxMiraRoadMumbai,English,09:15,Recliner,200₹,16,0
Maharashtra,Mumbai,MovieMaxMiraRoadMumbai,English,09:15,PrimePlus,150₹,10,0
Maharashtra,Mumbai,MovieMaxMiraRoadMumbai,English,09:15,Classic,100₹,40,0
Maharashtra,Mumbai,MovieMaxMiraRoadMumbai,English,09:15,Prime,100₹,180,4
UttarPradesh,Lucknow,CinepolisOneAwadhCenterMallGomtiNagar,Hindi,09:15,Normal,110₹,29,0
UttarPradesh,Lucknow,CinepolisOneAwadhCenterMallGomtiNagar,Hindi,09:15,Executive,110₹,78,0
UttarPradesh,Lucknow,CinepolisOneAwadhCenterMallGomtiNagar,Hindi,09:15,Premium,110₹,39,0
UttarPradesh,Lucknow,CinepolisOneAwadhCenterMallGomtiNagar,Hindi,09:15,Vip,450₹,11,0
UttarPradesh,GreaterNoida,CinepolisTheGrandVeniceMallGreaterNoida,Hindi,09:15,Normal,112₹,23,0
UttarPradesh,GreaterNoida,CinepolisTheGrandVeniceMallGreaterNoida,Hindi,09:15,Executive,130₹,72,0
UttarPradesh,GreaterNoida,CinepolisTheGrandVeniceMallGreaterNoida,Hindi,09:15,Premium,140₹,32,0
Maharashtra,Mumbai,PvrMarketCity4DxKurlaW,English,09:15,4DxPrime,300₹,80,18
Maharashtra,Mumbai,PvrMarketCity4DxKurlaW,English,09:15,4DxClassic,250₹,60,0
Gujarat,Ahmedabad,DeviMultiplexNaroda,Hindi,09:15,Platinum,140₹,40,10
Gujarat,Ahmedabad,DeviMultiplexNaroda,Hindi,09:15,Gold,140₹,112,0
Maharashtra,Washim,H2MMovieplexPatniCommercial,Hindi,09:15,Gl,160₹,96,0
Maharashtra,Washim,H2MMovieplexPatniCommercial,Hindi,09:15,Pl,190₹,60,0
Maharashtra,Washim,H2MMovieplexPatniCommercial,Hindi,09:15,Sf,220₹,21,0
Maharashtra,Washim,H2MMovieplexPatniCommercial,Hindi,09:15,Sl,110₹,52,0
Delhi,NewDelhi,CinepolisCrossRiverMallShahdara,Hindi,09:20,Executive,180₹,46,2
Delhi,NewDelhi,CinepolisCrossRiverMallShahdara,Hindi,09:20,Normal,170₹,72,0
Maharashtra,Nagpur,MovieMaxEternityNagpur,Hindi,09:20,Recliner,250₹,15,0
Maharashtra,Nagpur,MovieMaxEternityNagpur,Hindi,09:20,Prime,100₹,138,0
Maharashtra,Nagpur,MovieMaxEternityNagpur,Hindi,09:20,Classic,70₹,104,0
Maharashtra,Mumbai,InoxRaghuleelaMegaMallKandivaliW,English,09:25,Gold,112₹,149,0
Maharashtra,Mumbai,InoxRaghuleelaMegaMallKandivaliW,English,09:25,Premiere,112₹,51,0
Maharashtra,Mumbai,MovieTimeChembur,English,09:30,Silver,100₹,134,0
Maharashtra,Mumbai,MovieTimeChembur,English,09:30,Gold,100₹,14,0
Gujarat,Surat,InoxVrSuratDumasRoad,Hindi,09:30,Club,140₹,102,0
Gujarat,Surat,InoxVrSuratDumasRoad,Hindi,09:30,Executive,140₹,34,0
Gujarat,Surat,InoxVrSuratDumasRoad,Hindi,09:30,Royal,140₹,54,1
Gujarat,Surat,InoxVrSuratDumasRoad,Hindi,09:30,RoyalRecliner,230₹,12,0
Delhi,NewDelhi,PvrSaketDelhi,Hindi,09:30,Classic,150₹,52,0
Delhi,NewDelhi,PvrSaketDelhi,Hindi,09:30,Prime,200₹,41,17
Maharashtra,Nashik,InoxOldVijayMamtaNasik,Hindi,09:30,Executive,90₹,46,0
Maharashtra,Nashik,InoxOldVijayMamtaNasik,Hindi,09:30,Platinum,112₹,88,5
Maharashtra,Nashik,InoxOldVijayMamtaNasik,Hindi,09:30,Silver,112₹,189,0
Gujarat,Mundra,AradhayaNovaCinemazMundra,Hindi,09:30,Vip,200₹,14,0
Gujarat,Mundra,AradhayaNovaCinemazMundra,Hindi,09:30,Platinum,150₹,60,0
Gujarat,Mundra,AradhayaNovaCinemazMundra,Hindi,09:30,Gold,150₹,76,0
Gujarat,Mundra,AradhayaNovaCinemazMundra,Hindi,09:30,Silver,150₹,76,0
Maharashtra,Mumbai,InoxMegaplexInorbitMall,English,09:30,Club,220₹,16,0
Maharashtra,Mumbai,InoxMegaplexInorbitMall,English,09:30,Royal,220₹,60,6
WestBengal,Asansol,CarnivalSentrumMallAsansol,Hindi,09:30,Premium,110₹,63,0
WestBengal,Asansol,CarnivalSentrumMallAsansol,Hindi,09:30,Silver,110₹,150,0
WestBengal,Asansol,CarnivalSentrumMallAsansol,Hindi,09:30,Gold,110₹,43,0
Gujarat,Ahmedabad,RajhansCinemaVastral,Hindi,09:40,Marvel,140₹,38,0
Gujarat,Ahmedabad,RajhansCinemaVastral,Hindi,09:40,Royal,140₹,49,0
Gujarat,Ahmedabad,RajhansCinemaVastral,Hindi,09:40,Executive,140₹,125,6
Gujarat,Ahmedabad,RajhansCinemaVastral,Hindi,09:40,Recliner,200₹,20,6
Maharashtra,NaviMumbai,InoxRaghuleelaMallVashi,English,09:40,Gold,190₹,62,9
Maharashtra,Pune,InoxBundGarden,English,09:40,DressCircle,112₹,167,6
Maharashtra,Pune,InoxBundGarden,English,09:40,Galleria,112₹,60,0
Haryana,Chandigarh,Pvr4DxElanteChandigarh,English,09:40,Classic,350₹,92,0
Punjab,Ludhiana,WaveOneMoviesLudhiana,Hindi,09:45,Classic,120₹,85,0
Punjab,Ludhiana,WaveOneMoviesLudhiana,Hindi,09:45,Premium,130₹,84,2
Uttarakhand,Haridwar,WavePentagonMallSidcul,Hindi,09:45,Classic,130₹,162,0
UttarPradesh,Ghaziabad,WaveKaushambi,Hindi,09:45,Classic,120₹,178,0
UttarPradesh,Agra,SarvMultiplexAgra,Hindi,09:50,FamilyClub,300₹,23,0
UttarPradesh,Agra,SarvMultiplexAgra,Hindi,09:50,Kiddles,200₹,45,0
UttarPradesh,Agra,SarvMultiplexAgra,Hindi,09:50,KidsLounger,200₹,6,0
Gujarat,Ahmedabad,CinemaxShivAshramRoad,Hindi,09:55,Prime,140₹,64,10
UttarPradesh,Ghaziabad,WaveCinemasGaurCentralMallRdc,Hindi,10:00,Classic,110₹,234,0
Uttarakhand,Rudrapur,WaveRudrapur,Hindi,10:00,Classic,100₹,183,1
Delhi,NewDelhi,PvrSapphirePacificD21Dwarka,Hindi,10:00,Classic,150₹,56,0
Delhi,NewDelhi,PvrSapphirePacificD21Dwarka,Hindi,10:00,Prime,180₹,25,3
Karnataka,Bengaluru,InoxMantriSquareMalleshwaram,English,10:00,Club,270₹,222,2
MadhyaPradesh,Gwalior,FunCinemaDdCityMallGwalior,Hindi,10:00,Normal,110₹,60,0
MadhyaPradesh,Gwalior,FunCinemaDdCityMallGwalior,Hindi,10:00,Executive,120₹,122,1
Gujarat,Gandhidham,MirajCinemasMadhuban,Hindi,10:00,Special,90₹,42,0
Gujarat,Gandhidham,MirajCinemasMadhuban,Hindi,10:00,Executive,90₹,185,0
Gujarat,Gandhidham,MirajCinemasMadhuban,Hindi,10:00,Platinum,150₹,12,0
Gujarat,Gandhidham,MirajCinemasMadhuban,Hindi,10:00,Gold,90₹,62,0
UttarPradesh,GreaterNoida,UsCinemasEuropaLuxGalaxyBlueSapphire,Hindi,10:00,LuxPlus,140₹,143,0
UttarPradesh,GreaterNoida,UsCinemasEuropaLuxGalaxyBlueSapphire,Hindi,10:00,Lux,110₹,80,0
UttarPradesh,GreaterNoida,PvrAnsalPlazaGreaterNoida,Hindi,10:00,Classic,100₹,128,9
UttarPradesh,GreaterNoida,PvrAnsalPlazaGreaterNoida,Hindi,10:00,Prime,120₹,48,4
Maharashtra,Pune,CinepolisSeasonsMallHadapsar,English,10:00,Normal,110₹,29,0
Maharashtra,Pune,CinepolisSeasonsMallHadapsar,English,10:00,Executive,110₹,83,2
Maharashtra,Pune,CinepolisSeasonsMallHadapsar,English,10:00,Premium,110₹,35,2
Maharashtra,Mumbai,MovieTimeHubMallGoregaonE,English,10:00,Gold,120₹,196,20
MadhyaPradesh,Bhopal,CinepolisAashimaMallBawadiyaKalan,Hindi,10:00,Normal,120₹,30,0
MadhyaPradesh,Bhopal,CinepolisAashimaMallBawadiyaKalan,Hindi,10:00,Executive,120₹,102,0
MadhyaPradesh,Bhopal,CinepolisAashimaMallBawadiyaKalan,Hindi,10:00,Premium,120₹,73,0
Gujarat,Ahmedabad,MirajCinemasVitthalPlazaNaroda,Hindi,10:00,Platinum,240₹,10,0
Gujarat,Ahmedabad,MirajCinemasVitthalPlazaNaroda,Hindi,10:00,Executive,140₹,114,0
UttarPradesh,Kanpur,PvrSouthXMallAtKanpurUp,Hindi,10:00,Recliner,150₹,13,4
UttarPradesh,Kanpur,PvrSouthXMallAtKanpurUp,Hindi,10:00,Prime,100₹,181,2
UttarPradesh,Kanpur,PvrSouthXMallAtKanpurUp,Hindi,10:00,Classic,100₹,38,0
MadhyaPradesh,Indore,InoxC21MallSheetalNagar,Hindi,10:00,Cl,200₹,30,0
MadhyaPradesh,Indore,InoxC21MallSheetalNagar,Hindi,10:00,Ry,200₹,52,6
UttarPradesh,Saharanpur,CineluvCinemaSaharanpur,Hindi,10:00,Platinum,200₹,66,40
UttarPradesh,Saharanpur,CineluvCinemaSaharanpur,Hindi,10:00,Gold,150₹,105,69
UttarPradesh,Saharanpur,CineluvCinemaSaharanpur,Hindi,10:00,Silver,150₹,72,54
Karnataka,Bengaluru,PvrPepsiKotakImaxNexusFormerlyForumKoramangala,English,10:00,Classic,170₹,227,1
Karnataka,Bengaluru,PvrPepsiKotakImaxNexusFormerlyForumKoramangala,English,10:00,Prime,200₹,105,4
UttarPradesh,Noida,WaveNoida,Hindi,10:00,Classic,130₹,472,2
UttarPradesh,Noida,WaveNoida,Hindi,10:00,PlatinumPkg,"1,200₹",17,0
UttarPradesh,Lucknow,WaveLucknow,Hindi,10:00,Classic,100₹,96,0
UttarPradesh,Lucknow,WaveLucknow,Hindi,10:00,Gold,400₹,6,0
UttarPradesh,Lucknow,WaveLucknow,Hindi,10:00,Premium,100₹,139,10
Bihar,Purnia,RoopbaniCinema2KDolby71Purnea,Hindi,10:00,Recliner,200₹,16,0
Bihar,Purnia,RoopbaniCinema2KDolby71Purnea,Hindi,10:00,Gold,80₹,277,35
Bihar,Samastipur,AnuroopTalkiesBahadurpur,Hindi,10:00,Platinum,100₹,181,0
Bihar,Samastipur,AnuroopTalkiesBahadurpur,Hindi,10:00,Diamond,80₹,162,0
MadhyaPradesh,Gwalior,InoxDbMallRaceCourseRoad,Hindi,10:05,Club,150₹,48,0
MadhyaPradesh,Gwalior,InoxDbMallRaceCourseRoad,Hindi,10:05,Executive,130₹,24,0
MadhyaPradesh,Gwalior,InoxDbMallRaceCourseRoad,Hindi,10:05,RoyaleRecliners,190₹,5,0
MadhyaPradesh,Gwalior,InoxDbMallRaceCourseRoad,Hindi,10:05,Royale,160₹,49,0
Haryana,Gurgaon,InoxGurgaonArdeeMall,English,10:10,Insignia,400₹,25,2
Delhi,NewDelhi,MovieTimePitampura,Hindi,10:10,Platinum,100₹,242,0
Delhi,NewDelhi,MovieTimePitampura,Hindi,10:10,Premier,100₹,51,0
Maharashtra,Mumbai,InoxThakurMallDahisarE,English,10:10,Executive,112₹,41,0
Maharashtra,Mumbai,InoxThakurMallDahisarE,English,10:10,Gold,200₹,29,0
Maharashtra,Mumbai,InoxThakurMallDahisarE,English,10:10,Premier,112₹,268,2
Rajasthan,Jaipur,CinepolisWorldTradeParkMalviyaNagar,Hindi,10:10,Normal,140₹,39,0
Rajasthan,Jaipur,CinepolisWorldTradeParkMalviyaNagar,Hindi,10:10,Executive,140₹,127,0
Rajasthan,Jaipur,CinepolisWorldTradeParkMalviyaNagar,Hindi,10:10,Premium,140₹,43,4
Rajasthan,Jaipur,CinepolisWorldTradeParkMalviyaNagar,Hindi,10:10,Vip,250₹,13,1
Maharashtra,Ambernath,StarMirajCinemasAmbernath,Hindi,10:15,Platinum,100₹,70,2
Delhi,NewDelhi,CinepolisV3SMallLaxmiNagar,Hindi,10:15,Normal,180₹,145,0
Delhi,NewDelhi,CinepolisV3SMallLaxmiNagar,Hindi,10:15,Executive,190₹,100,4
Delhi,NewDelhi,CinepolisV3SMallLaxmiNagar,English,10:15,Normal,180₹,145,0
Delhi,NewDelhi,CinepolisV3SMallLaxmiNagar,English,10:15,Executive,190₹,100,0
UttarPradesh,Ghaziabad,MirajChaudharyCinemasGhaziabad,Hindi,10:15,Diamond,90₹,167,0
UttarPradesh,GreaterNoida,InoxOmaxeConnaughtPlaceMallGreaterNoida,English,10:15,Insignia,230₹,78,0
Orissa,Bhubaneswar,CinepolisNexusEsplanadeBhubaneswar,English,10:20,Vip,350₹,10,2
Orissa,Bhubaneswar,CinepolisNexusEsplanadeBhubaneswar,English,10:20,Premium,110₹,48,6
Orissa,Bhubaneswar,CinepolisNexusEsplanadeBhubaneswar,English,10:20,Executive,110₹,52,0
Orissa,Bhubaneswar,CinepolisNexusEsplanadeBhubaneswar,English,10:20,Normal,110₹,23,0
Bihar,Gaya,AprCinemaCityCentreMallRaiKasinathMore,Hindi,10:20,GoldClass,120₹,155,129
AndhraPradesh,Vizag,InoxChitralayaaMallChitralayaa,English,10:25,Executive,177₹,149,2
Haryana,Faridabad,PvrCrownPlazaFaridabad,Hindi,10:30,PrimePlus,130₹,27,0
Haryana,Faridabad,PvrCrownPlazaFaridabad,Hindi,10:30,Prime,120₹,141,0
Haryana,Faridabad,PvrCrownPlazaFaridabad,Hindi,10:30,Classic,112₹,26,3
Delhi,NewDelhi,CinepolisDlfAvenueSaket,Hindi,10:30,Normal,300₹,96,9
UttarPradesh,Aligarh,DdCinemasVadraCinemaAligarh,Hindi,10:30,ClubRecliner,250₹,11,0
UttarPradesh,Aligarh,DdCinemasVadraCinemaAligarh,Hindi,10:30,PremierRocker,100₹,204,0
Punjab,Ludhiana,PvrPavilionMallLudhiana,Hindi,10:30,Classic,140₹,70,0
Rajasthan,Jaipur,InoxSunnyTradeCenterJaipur,Hindi,10:30,Club,100₹,101,0
Rajasthan,Jaipur,InoxSunnyTradeCenterJaipur,Hindi,10:30,Executive,100₹,30,0
Rajasthan,Jaipur,InoxSunnyTradeCenterJaipur,Hindi,10:30,RoyaleRecliners,190₹,11,2
Rajasthan,Jaipur,InoxSunnyTradeCenterJaipur,Hindi,10:30,Royal,112₹,47,2
Gujarat,Vadodara,PvrDeepVadodara,Hindi,10:30,PrimePlus,140₹,116,20
Gujarat,Vadodara,PvrDeepVadodara,Hindi,10:30,Classic,140₹,63,0
Gujarat,Vadodara,PvrDeepVadodara,Hindi,10:30,Prime,140₹,80,0
UttarPradesh,Ghaziabad,MovieMagicLoni,Hindi,10:30,Diamond,110₹,154,132
UttarPradesh,Ghaziabad,MovieMagicLoni,Hindi,10:30,Gold,110₹,88,66
Haryana,Gurgaon,PvrImaxAmbienceGurgaon,English,10:30,ClassicImax,150₹,136,0
Haryana,Gurgaon,PvrImaxAmbienceGurgaon,English,10:30,PrimeImax,200₹,87,0
Haryana,Gurgaon,PvrImaxAmbienceGurgaon,English,10:30,Lounger,200₹,9,0
Kerala,Kochi,Pvr4DxLuluKochi,English,10:30,Classic,300₹,116,2
Uttarakhand,Roorkee,RrCinemaBharampuri,Hindi,10:30,ExecutiveClass,200₹,138,14
Uttarakhand,Roorkee,RrCinemaBharampuri,Hindi,10:30,Classic,180₹,32,0
Karnataka,Bengaluru,PvrPhoenixMarketcityMall4DxWhitefieldRoad,English,10:30,Classic,230₹,88,0
MadhyaPradesh,Indore,Pvr4DxTreasureIslandIndore,Hindi,10:30,4DxPrime,200₹,60,18
MadhyaPradesh,Indore,Pvr4DxTreasureIslandIndore,Hindi,10:30,4DxClassic,200₹,48,0
UttarPradesh,Ghaziabad,USCinemasErosMallIndirapuram,Hindi,10:30,LuxPlus,140₹,129,0
UttarPradesh,Ghaziabad,USCinemasErosMallIndirapuram,Hindi,10:30,Luxury,110₹,60,0
Maharashtra,NaviMumbai,PvrOrionPanvel,Hindi,10:35,Classic,90₹,20,0
Maharashtra,NaviMumbai,PvrOrionPanvel,Hindi,10:35,Prime,110₹,98,19
Maharashtra,NaviMumbai,PvrOrionPanvel,Hindi,10:35,PrimePlus,140₹,27,0
Maharashtra,Aurangabad,InoxProzoneMallChilkalthana,Hindi,10:35,Club,140₹,104,0
Maharashtra,Aurangabad,InoxProzoneMallChilkalthana,Hindi,10:35,Executive,130₹,32,0
Maharashtra,Aurangabad,InoxProzoneMallChilkalthana,Hindi,10:35,Royale,150₹,74,5
Maharashtra,Mumbai,PvrOdeonGhatkopar,Hindi,10:40,Classic,90₹,28,0
Maharashtra,Mumbai,PvrOdeonGhatkopar,Hindi,10:40,Prime,90₹,84,0
Maharashtra,Mumbai,PvrOdeonGhatkopar,Hindi,10:40,PrimePlus,90₹,65,18
Maharashtra,Mumbai,PvrOdeonGhatkopar,Hindi,10:40,Recliner,190₹,11,0
Maharashtra,Pune,InoxAmanoraTownCentreHadapsar,English,10:40,Royale,230₹,46,0
Gujarat,Vadodara,InoxSevenSeasMallFatehgunj,Hindi,10:45,Executive,140₹,38,0
Gujarat,Vadodara,InoxSevenSeasMallFatehgunj,Hindi,10:45,Premiere,140₹,133,0
Gujarat,Vadodara,InoxSevenSeasMallFatehgunj,Hindi,10:45,Silver,140₹,104,3
Karnataka,Bengaluru,PvrImaxVegaCityBannerghattaRoad,English,10:45,Classic,150₹,250,2
Karnataka,Bengaluru,PvrImaxVegaCityBannerghattaRoad,English,10:45,Prime,180₹,43,3
Rajasthan,Kota,FunCinemaCityMallKota,Hindi,10:45,Executive,140₹,109,0
Rajasthan,Kota,FunCinemaCityMallKota,Hindi,10:45,Normal,130₹,60,0
WestBengal,Kolkata,InoxMetroJawaharlalNehruRoad,Hindi,10:45,Club,112₹,105,0
WestBengal,Kolkata,InoxMetroJawaharlalNehruRoad,Hindi,10:45,Executive,112₹,38,0
WestBengal,Kolkata,InoxMetroJawaharlalNehruRoad,Hindi,10:45,Royal,112₹,33,0
Maharashtra,Mumbai,PvrCitiMallAndheriW,English,10:45,Classic,100₹,46,0
Maharashtra,Mumbai,PvrCitiMallAndheriW,English,10:45,Recliner,190₹,24,0
Maharashtra,Mumbai,PvrCitiMallAndheriW,English,10:45,Prime,100₹,146,14
Maharashtra,Nagpur,PvrEmpressCityMallNagpur,Hindi,10:45,Prime,90₹,126,2
Maharashtra,Nagpur,PvrEmpressCityMallNagpur,Hindi,10:45,Classic,70₹,42,0
Maharashtra,Nagpur,PvrEmpressCityMallNagpur,Hindi,10:45,Recliner,200₹,20,6
Maharashtra,Nagpur,PvrEmpressCityMallNagpur,Hindi,10:45,PrimePlus,120₹,134,32
Maharashtra,Pune,CarnivalPremierPlazaChinchwad,Hindi,10:45,PlatinumOffline,100₹,189,5
Maharashtra,Pune,CarnivalPremierPlazaChinchwad,Hindi,10:45,GoldOffline,90₹,84,0
Maharashtra,Pune,CarnivalPremierPlazaChinchwad,Hindi,10:45,SilverOffline,80₹,42,0
Maharashtra,Pune,CarnivalPremierPlazaChinchwad,Hindi,10:45,PremiumReclineOffline,170₹,19,0
UttarPradesh,Lucknow,InoxMegaplexPhoenixPalassioMallLucknow,English,10:50,Club,200₹,228,0
UttarPradesh,Lucknow,InoxMegaplexPhoenixPalassioMallLucknow,English,10:50,Executive,180₹,42,0
UttarPradesh,Lucknow,InoxMegaplexPhoenixPalassioMallLucknow,English,10:50,Royale,220₹,37,3
Delhi,NewDelhi,PvrVikaspuri,Hindi,10:50,Classic,120₹,63,0
Delhi,NewDelhi,PvrVikaspuri,Hindi,10:50,ClassicPlus,140₹,168,2
Delhi,NewDelhi,PvrVikaspuri,Hindi,10:50,Prime,150₹,36,3
AndhraPradesh,Kakinada,InoxSrmtMallRamanayyapeta,English,10:50,Executive,112₹,176,1
Maharashtra,Mumbai,PvrIconPhoenixPalladiumLowerParelMumbai,English,10:50,Lounger,160₹,14,0
Maharashtra,Mumbai,PvrIconPhoenixPalladiumLowerParelMumbai,English,10:50,Classic,120₹,38,2
Maharashtra,Mumbai,PvrIconPhoenixPalladiumLowerParelMumbai,English,10:50,Prime,200₹,186,20
Maharashtra,Mumbai,PvrIconPhoenixPalladiumLowerParelMumbai,English,10:50,Recliner,350₹,14,4
UttarPradesh,Noida,CarnivalTgipNoida,Hindi,10:50,Gold,130₹,225,0
UttarPradesh,Noida,CarnivalTgipNoida,Hindi,10:50,Recliner,280₹,12,8
Haryana,Gurgaon,PvrSaharaMallGurgaon,Hindi,10:55,Classic,112₹,189,2
Haryana,Gurgaon,PvrSaharaMallGurgaon,Hindi,10:55,Prime,130₹,98,2
UttarPradesh,Moradabad,MovieTimeMiglaniCinemasGandhiNagar,Hindi,11:00,Platinum,199₹,5,4
UttarPradesh,Moradabad,MovieTimeMiglaniCinemasGandhiNagar,Hindi,11:00,Gold,100₹,97,1
UttarPradesh,Moradabad,MovieTimeMiglaniCinemasGandhiNagar,Hindi,11:00,Silver,100₹,51,0
Delhi,NewDelhi,PvrVegasImaxDwarka,English,11:00,Prime,280₹,97,4
Delhi,NewDelhi,PvrVegasImaxDwarka,English,11:00,Classic,230₹,228,0
UttarPradesh,Ghaziabad,PvrOpulentGhaziabad,Hindi,11:00,Classic,112₹,282,3
UttarPradesh,Ghaziabad,PvrOpulentGhaziabad,Hindi,11:00,Prime,140₹,111,32
UttarPradesh,Ghaziabad,PvrOpulentGhaziabad,Hindi,11:00,Recliner,285₹,15,8
Gujarat,Anand,ShaanCinemaAvFortuneMall,Hindi,11:00,Recliner,350₹,13,0
Gujarat,Anand,ShaanCinemaAvFortuneMall,Hindi,11:00,Sofa,250₹,28,0
Gujarat,Anand,ShaanCinemaAvFortuneMall,Hindi,11:00,Platinum,100₹,66,0
Gujarat,Anand,ShaanCinemaAvFortuneMall,Hindi,11:00,Gold,100₹,45,0
Rajasthan,Bikaner,CinemagicBikaner,Hindi,11:00,Platinum,130₹,162,0
Rajasthan,Bikaner,CinemagicBikaner,Hindi,11:00,Gold,100₹,281,0
Rajasthan,Bikaner,CinemagicBikaner,Hindi,11:00,Silver,100₹,104,0
Rajasthan,Jaipur,InoxPinkSquareMallRajaPark,Hindi,11:00,Club,100₹,132,0
Rajasthan,Jaipur,InoxPinkSquareMallRajaPark,Hindi,11:00,Executive,100₹,66,0
Rajasthan,Jaipur,InoxPinkSquareMallRajaPark,Hindi,11:00,Royale,200₹,17,0
Rajasthan,Jaipur,CinepolisTritonMegaMallJhotwaraRoad,Hindi,11:00,Executive,140₹,199,3
Rajasthan,Jaipur,CinepolisTritonMegaMallJhotwaraRoad,Hindi,11:00,Normal,140₹,34,0
Rajasthan,Kota,PvrCinemallKota,Hindi,11:00,Classic,110₹,57,0
Rajasthan,Kota,PvrCinemallKota,Hindi,11:00,Prime,110₹,126,15
Rajasthan,Kota,PvrCinemallKota,Hindi,11:00,Recliner,200₹,16,7
Delhi,NewDelhi,PvrEcxChanakyapuri,English,11:00,Classic,200₹,22,0
Delhi,NewDelhi,PvrEcxChanakyapuri,English,11:00,Prime,200₹,140,0
Delhi,NewDelhi,PvrEcxChanakyapuri,English,11:00,PrimePlus,250₹,38,0
WestBengal,Kolkata,PvrAvaniRiverSideMall,Hindi,11:00,Prime,150₹,11,0
WestBengal,Kolkata,PvrAvaniRiverSideMall,Hindi,11:00,Classic,112₹,200,2
Gujarat,Surat,CinemaxIrisDumasRoad,Hindi,11:00,Classic,140₹,28,0
Gujarat,Surat,CinemaxIrisDumasRoad,Hindi,11:00,Prime,140₹,159,1
Maharashtra,Mumbai,InoxRCityGhatkoparW,English,11:00,Club,220₹,174,0
Maharashtra,Mumbai,InoxRCityGhatkoparW,English,11:00,Executive,200₹,59,0
Maharashtra,Mumbai,InoxRCityGhatkoparW,English,11:00,Royal,220₹,93,0
Karnataka,Bengaluru,PvrVrImaxWhitefieldRoad,English,11:00,Classic,150₹,184,4
Karnataka,Bengaluru,PvrVrImaxWhitefieldRoad,English,11:00,Prime,180₹,64,2
Uttarakhand,Dehradun,PvrPacificMallDehradun,English,11:00,Prime,130₹,122,4
Uttarakhand,Dehradun,PvrPacificMallDehradun,English,11:00,PrimePlus,210₹,11,0
Uttarakhand,Dehradun,PvrPacificMallDehradun,English,11:00,Recliner,330₹,11,2
Uttarakhand,Dehradun,PvrPacificMallDehradun,English,11:00,Classic,112₹,26,0
UttarPradesh,Moradabad,PvrParshvanathMallMoradabad,Hindi,11:00,Classic,112₹,86,0
UttarPradesh,Moradabad,PvrParshvanathMallMoradabad,Hindi,11:00,Recliner,150₹,16,0
UttarPradesh,Moradabad,PvrParshvanathMallMoradabad,Hindi,11:00,ClassicPlus,130₹,140,19
Haryana,Gurgaon,PvrMgfMall4DxGurgaon,English,11:00,Classic,250₹,84,1
MadhyaPradesh,Bhopal,CinepolisDbMallBhopal,Hindi,11:00,Normal,140₹,60,0
MadhyaPradesh,Bhopal,CinepolisDbMallBhopal,Hindi,11:00,Executive,140₹,106,5
UttarPradesh,Bulandshahr,SuncityCinemaBulandshahr,Hindi,11:00,Platinum,250₹,240,0
UttarPradesh,Bulandshahr,SuncityCinemaBulandshahr,Hindi,11:00,Gold,180₹,240,0
Gujarat,Ahmedabad,PvrAcropolisMall4DxThaltej,Hindi,11:00,4DxPrime,300₹,80,0
Gujarat,Ahmedabad,PvrAcropolisMall4DxThaltej,Hindi,11:00,4DxClassic,300₹,36,0
MadhyaPradesh,Indore,CarnivalMangalCityIndore,Hindi,11:00,Platinum,150₹,12,0
MadhyaPradesh,Indore,CarnivalMangalCityIndore,Hindi,11:00,Gold,90₹,327,0
MadhyaPradesh,Indore,CarnivalMangalCityIndore,Hindi,11:00,SilverOffline,90₹,77,0
Maharashtra,Mumbai,InoxLaserplexCr2NarimanPoint,English,11:05,Insignia,300₹,70,0
Delhi,NewDelhi,PvrNaraina,English,11:05,Classic,120₹,86,0
Delhi,NewDelhi,PvrNaraina,English,11:05,ClassicPlus,130₹,150,3
Delhi,NewDelhi,PvrNaraina,English,11:05,Prime,140₹,67,0
Delhi,NewDelhi,PvrSangamRKPuram,English,11:10,Classic,150₹,40,0
Delhi,NewDelhi,PvrSangamRKPuram,English,11:10,Prime,180₹,26,0
Delhi,NewDelhi,PvrSangamRKPuram,English,11:10,PrimePlus,180₹,13,0
Karnataka,Bengaluru,CinepolisNexusShantiniketanThigalarapalya,English,11:10,Premium,180₹,51,3
Karnataka,Bengaluru,CinepolisNexusShantiniketanThigalarapalya,English,11:10,Executive,180₹,121,0
Karnataka,Bengaluru,CinepolisNexusShantiniketanThigalarapalya,English,11:10,Normal,180₹,40,0
Haryana,Gurgaon,PvrCityCentreGurgaon,English,11:10,Classic,150₹,40,0
Haryana,Gurgaon,PvrCityCentreGurgaon,English,11:10,Prime,180₹,94,0
Haryana,Gurgaon,PvrCityCentreGurgaon,English,11:10,Recliner,300₹,12,0
Gujarat,Gandhinagar,CinemaxSumanGandhinagar,Hindi,11:10,Classic,140₹,42,0
Gujarat,Gandhinagar,CinemaxSumanGandhinagar,Hindi,11:10,Prime,140₹,98,0
Gujarat,Gandhinagar,CinemaxSumanGandhinagar,Hindi,11:10,Recliner,200₹,23,0
Gujarat,Gandhinagar,CinemaxSumanGandhinagar,Hindi,11:10,ClassicPlus,140₹,47,0
UttarPradesh,Noida,PvrLogixCityCentreImaxNoida,English,11:15,Prime,250₹,288,3
UttarPradesh,Noida,PvrLogixCityCentreImaxNoida,English,11:15,Recliner,480₹,20,2
Maharashtra,Mumbai,PvrLuxePhoenixPalladiumLowerParelMumbai,English,11:15,PrimePlus,350₹,30,6
Maharashtra,Mumbai,PvrLuxePhoenixPalladiumLowerParelMumbai,English,11:15,Prime,350₹,12,0
Haryana,Gurgaon,PvrMegaMallGurgaon,English,11:15,Prime,180₹,51,0
Haryana,Gurgaon,PvrMegaMallGurgaon,English,11:15,Classic,150₹,39,1
Maharashtra,Mumbai,InoxMegaplexInorbitMall,English,11:15,Executive,200₹,56,0
Maharashtra,Mumbai,InoxMegaplexInorbitMall,English,11:15,Premiere,200₹,146,8
Maharashtra,Mumbai,InoxMegaplexInorbitMall,English,11:15,Silver,220₹,100,3
Maharashtra,Pune,CinepolisNexusWestend,English,11:15,Normal,200₹,40,0
Maharashtra,Pune,CinepolisNexusWestend,English,11:15,Executive,200₹,172,7
Maharashtra,Pune,CinepolisNexusWestend,English,11:15,Premium,200₹,51,5
WestBengal,Siliguri,CarnivalCinemaSiliguri,English,11:20,Special,110₹,42,0
WestBengal,Siliguri,CarnivalCinemaSiliguri,English,11:20,Executive,110₹,197,2
WestBengal,Siliguri,CarnivalCinemaSiliguri,English,11:20,Gold,160₹,46,0
Telangana,Hyderabad,PvrMusarambaghNewMalakpet,English,11:20,Classic,112₹,168,21
Telangana,Hyderabad,PvrMusarambaghNewMalakpet,English,11:20,Recliner,200₹,7,6
Maharashtra,Thane,CinepolisVivianaMallThaneW,English,11:20,Normal,180₹,39,0
Maharashtra,Thane,CinepolisVivianaMallThaneW,English,11:20,Executive,200₹,224,8
Maharashtra,Thane,CinepolisVivianaMallThaneW,English,11:20,Premium,220₹,57,26
Karnataka,Bengaluru,Pvr4DxNexusFormerlyForumKoramangala,English,11:20,4DxClassic,250₹,84,5
Assam,Guwahati,PvrCityCentreGuwahati,English,11:25,Classic,130₹,40,0
Assam,Guwahati,PvrCityCentreGuwahati,English,11:25,Prime,150₹,82,18
Assam,Guwahati,PvrCityCentreGuwahati,English,11:25,PrimePlus,200₹,13,0
WestBengal,Kolkata,InoxStarMallMadhyamgram,Hindi,11:25,Club,112₹,92,1
WestBengal,Kolkata,InoxStarMallMadhyamgram,Hindi,11:25,Executive,112₹,32,0
WestBengal,Kolkata,InoxStarMallMadhyamgram,Hindi,11:25,Royal,140₹,63,0
WestBengal,Kolkata,PvrDiamondPlazaJassore,English,11:25,Classic,112₹,80,3
WestBengal,Kolkata,PvrDiamondPlazaJassore,English,11:25,Prime,170₹,11,0
WestBengal,Kolkata,PvrDiamondPlazaJassore,English,11:25,Recliner,330₹,12,0
Chhattisgarh,Raipur,PvrCityCenterRaipur,Hindi,11:30,Recliner,260₹,12,0
Chhattisgarh,Raipur,PvrCityCenterRaipur,Hindi,11:30,Prime,90₹,140,16
Chhattisgarh,Raipur,PvrCityCenterRaipur,Hindi,11:30,Classic,80₹,24,0
Maharashtra,Mumbai,PvrGrowelsKandivaliE,English,11:30,Recliner,230₹,12,0
Maharashtra,Mumbai,PvrGrowelsKandivaliE,English,11:30,Prime,110₹,196,17
Maharashtra,Mumbai,PvrGrowelsKandivaliE,English,11:30,Classic,100₹,30,0
Chhattisgarh,DalliRajhara,MathurCineplexDalliRajhara,Hindi,11:30,Gold,130₹,130,114
Chhattisgarh,DalliRajhara,MathurCineplexDalliRajhara,Hindi,11:30,Silver,100₹,102,85
Kerala,Anaikatti,CityCinema2KACAnaikatti,Tamil,11:30,Premium,100₹,236,0
Maharashtra,Pune,CinepolisSeasonsMallHadapsar,English,11:30,Normal,350₹,96,0
Maharashtra,Thane,MirajFunfiestaCinemasNalasoparaW,Hindi,11:30,Silver,120₹,54,0
Maharashtra,Thane,MirajFunfiestaCinemasNalasoparaW,Hindi,11:30,Gold,120₹,81,0
Maharashtra,Thane,MirajFunfiestaCinemasNalasoparaW,Hindi,11:30,Platinum,120₹,80,9
Maharashtra,Thane,MirajFunfiestaCinemasNalasoparaW,Hindi,11:30,Vip,150₹,23,4
Delhi,NewDelhi,PvrSelectCityWalkImaxLaserSaket,English,11:30,LoungerNormal,250₹,11,0
Delhi,NewDelhi,PvrSelectCityWalkImaxLaserSaket,English,11:30,ClassicNormal,200₹,107,0
Delhi,NewDelhi,PvrSelectCityWalkImaxLaserSaket,English,11:30,Prime,250₹,111,5
Delhi,NewDelhi,PvrSelectCityWalkImaxLaserSaket,English,11:30,ReclinersNormal,500₹,17,2
Gujarat,Bhavnagar,TheEntertainmentParkNawapara,Hindi,11:30,Silver,99₹,42,0
Gujarat,Bhavnagar,TheEntertainmentParkNawapara,Hindi,11:30,Gold,119₹,63,0
Gujarat,Bhavnagar,TheEntertainmentParkNawapara,Hindi,11:30,Platinum,149₹,90,0
Gujarat,Bhavnagar,TheEntertainmentParkNawapara,Hindi,11:30,Royal,219₹,64,0
MadhyaPradesh,Singrauli,McmCineplexWaidhan,Hindi,11:30,Vip,280₹,33,8
MadhyaPradesh,Singrauli,McmCineplexWaidhan,Hindi,11:30,Platinum,220₹,90,12
MadhyaPradesh,Singrauli,McmCineplexWaidhan,Hindi,11:30,Gold,170₹,148,30
MadhyaPradesh,Singrauli,McmCineplexWaidhan,Hindi,11:30,Silver,110₹,45,1
Maharashtra,Mumbai,MoviemaxHumaKanjurmarg,Hindi,11:30,Silver,100₹,95,0
Maharashtra,Mumbai,MoviemaxHumaKanjurmarg,Hindi,11:30,Gold,100₹,136,0
Maharashtra,Mumbai,MoviemaxHumaKanjurmarg,Hindi,11:30,Platinum,100₹,66,0
Maharashtra,Mumbai,MoviemaxHumaKanjurmarg,Hindi,11:30,Recliner,180₹,16,0
Jharkhand,Jamshedpur,PjpCinepolisCityCentreMallMauja,Hindi,11:40,Normal,130₹,22,0
Jharkhand,Jamshedpur,PjpCinepolisCityCentreMallMauja,Hindi,11:40,Executive,150₹,33,0
Jharkhand,Jamshedpur,PjpCinepolisCityCentreMallMauja,Hindi,11:40,Premium,170₹,59,0
Gujarat,Surat,InoxRelianceMegaMallUdhna,Hindi,11:40,Club,140₹,55,0
Gujarat,Surat,InoxRelianceMegaMallUdhna,Hindi,11:40,Executive,140₹,16,0
Gujarat,Surat,InoxRelianceMegaMallUdhna,Hindi,11:40,RoyalRecliner,230₹,8,0
Gujarat,Surat,InoxRelianceMegaMallUdhna,Hindi,11:40,Royal,140₹,38,0
AndhraPradesh,Kurnool,InoxJyotiMallKurnool,English,11:40,Executive,177₹,358,0
Rajasthan,Udaipur,InoxLakeCityMallAshokNagar,Hindi,11:40,Club,100₹,175,0
Rajasthan,Udaipur,InoxLakeCityMallAshokNagar,Hindi,11:40,Executive,100₹,25,0
Gujarat,Surat,InoxRajImperialVarachhaRoad,Hindi,11:45,Gold,150₹,248,1
Gujarat,Surat,InoxRajImperialVarachhaRoad,Hindi,11:45,Imperial,300₹,11,0
Gujarat,Surat,InoxRajImperialVarachhaRoad,Hindi,11:45,Platinum,180₹,97,0
Gujarat,Surat,InoxRajImperialVarachhaRoad,Hindi,11:45,Silver,140₹,44,0
WestBengal,Kolkata,CarnivalSaltLake,Hindi,11:45,Silver,89₹,216,0
WestBengal,Kolkata,CarnivalSaltLake,Hindi,11:45,Gold,150₹,12,0
Maharashtra,Pune,PvrMarketCity4DxVimanNagar,English,11:45,4DxClassic,350₹,48,0
Maharashtra,Pune,PvrMarketCity4DxVimanNagar,English,11:45,4DxPrime,350₹,72,14
JammuAndKashmir,Srinagar,InoxSrinagarShivpora,English,11:45,Club,220₹,51,0
JammuAndKashmir,Srinagar,InoxSrinagarShivpora,English,11:45,Executive,200₹,24,0
JammuAndKashmir,Srinagar,InoxSrinagarShivpora,English,11:45,RoyaleRecliner,400₹,11,0
JammuAndKashmir,Srinagar,InoxSrinagarShivpora,English,11:45,Royale,250₹,36,0
Gujarat,Ahmedabad,RajhansCinemasSatadhar,Hindi,11:50,Marvel,140₹,32,0
Gujarat,Ahmedabad,RajhansCinemasSatadhar,Hindi,11:50,Royal,140₹,112,0
Gujarat,Ahmedabad,RajhansCinemasSatadhar,Hindi,11:50,Executive,140₹,184,24
Gujarat,Ahmedabad,RajhansCinemasSatadhar,Hindi,11:50,Box,140₹,6,6
Maharashtra,Pune,RajhansCinemas93AvenueMallFatimaNagar,Hindi,11:50,Recliner,190₹,23,7
Maharashtra,Pune,RajhansCinemas93AvenueMallFatimaNagar,Hindi,11:50,Executive,100₹,172,16
Maharashtra,Pune,RajhansCinemas93AvenueMallFatimaNagar,Hindi,11:50,Royal,100₹,72,0
Maharashtra,Pune,RajhansCinemas93AvenueMallFatimaNagar,Hindi,11:50,Marvel,100₹,36,0
Gujarat,Gandhinagar,InoxR21Gandhinagar,Hindi,11:50,Gold,140₹,92,0
Gujarat,Gandhinagar,InoxR21Gandhinagar,Hindi,11:50,Platinum,140₹,14,3
Gujarat,Gandhinagar,InoxR21Gandhinagar,Hindi,11:50,Silver,140₹,32,0
Gujarat,Ahmedabad,MirajCityPulseManiNagar,Hindi,11:50,Gold,140₹,66,0
Haryana,Chandigarh,PvrCentraChandigarh,English,11:50,Prime,138₹,175,28
Haryana,Chandigarh,PvrCentraChandigarh,English,11:50,Classic,112₹,126,0
WestBengal,Asansol,CarnivalSentrumMallAsansol,English,11:50,Premium,110₹,63,0
WestBengal,Asansol,CarnivalSentrumMallAsansol,English,11:50,Silver,110₹,150,0
WestBengal,Asansol,CarnivalSentrumMallAsansol,English,11:50,Gold,110₹,43,4
Gujarat,Surat,InoxDrWorldParvatPatiya,Hindi,11:55,Club,140₹,122,0
Gujarat,Surat,InoxDrWorldParvatPatiya,Hindi,11:55,Executive,140₹,32,0
Gujarat,Surat,InoxDrWorldParvatPatiya,Hindi,11:55,Royal,140₹,42,2
Gujarat,Vadodara,InoxRaceCourseCircleElloraPark,English,11:55,Gold,100₹,141,0
Gujarat,Vadodara,InoxRaceCourseCircleElloraPark,English,11:55,Platinum,100₹,61,0
Gujarat,Vadodara,InoxRaceCourseCircleElloraPark,English,11:55,Silver,100₹,95,0
Maharashtra,Mumbai,CinepolisAndheriW,English,12:00,Premium,140₹,29,3
Maharashtra,Mumbai,CinepolisAndheriW,English,12:00,Platinum,250₹,21,0
Maharashtra,Mumbai,CinepolisAndheriW,English,12:00,Executive,140₹,93,2
Maharashtra,Mumbai,CinepolisAndheriW,English,12:00,Normal,120₹,32,0
Haryana,Faridabad,InoxCrownInteriorzMallDelhiMathuraRoad,English,12:00,Club,180₹,154,3
Haryana,Faridabad,InoxCrownInteriorzMallDelhiMathuraRoad,English,12:00,Executive,160₹,54,0
Maharashtra,Mumbai,MovieTimeChembur,Hindi,12:00,Silver,100₹,134,0
Maharashtra,Mumbai,MovieTimeChembur,Hindi,12:00,Gold,100₹,14,0
Goa,Goa,InoxOsiaGWingMargao,English,12:00,Club,150₹,131,0
Goa,Goa,InoxOsiaGWingMargao,English,12:00,Executive,140₹,28,0
Goa,Goa,InoxOsiaGWingMargao,English,12:00,Royale,170₹,57,0
Chhattisgarh,Jagdalpur,JhankarCinemaJagdalpur,Hindi,12:00,Balcony,70₹,10,0
MadhyaPradesh,Hoshangabad,MeenakshiMultiplexHoshangabad,Hindi,12:00,Platinum,200₹,19,0
MadhyaPradesh,Hoshangabad,MeenakshiMultiplexHoshangabad,Hindi,12:00,Gold,150₹,149,109
Karnataka,Mudhol,SuryavanshiMultiplexRocklineCinemas,Hindi,12:00,GoldClass,150₹,154,36
UttarPradesh,Kanpur,InoxZSquareMallBadaChauraha,Hindi,12:00,Club,170₹,139,1
UttarPradesh,Kanpur,InoxZSquareMallBadaChauraha,Hindi,12:00,Executive,150₹,30,2
UttarPradesh,Kanpur,InoxZSquareMallBadaChauraha,Hindi,12:00,RoyalRecliner,350₹,15,2
UttarPradesh,Kanpur,InoxZSquareMallBadaChauraha,Hindi,12:00,Royal,190₹,66,5
Gujarat,Surat,BajrangCinemaVedRoad,Hindi,12:00,Prime,150₹,134,114
UttarPradesh,Meerut,InoxPvsMallShastriNagar,Hindi,12:00,Cl,170₹,341,0
UttarPradesh,Meerut,InoxPvsMallShastriNagar,Hindi,12:00,Ex,150₹,65,0
UttarPradesh,Meerut,InoxPvsMallShastriNagar,Hindi,12:00,Rr,280₹,16,0
UttarPradesh,Meerut,InoxPvsMallShastriNagar,Hindi,12:00,Ry,190₹,30,2
Telangana,Hyderabad,Pvr4DxNexusMallFormerlyForumSujanaKukatpallyHyderabad,English,12:00,4DxClassic,350₹,108,1
Maharashtra,Mumbai,MetroInoxCinemaMGRoad,English,12:00,Club,170₹,129,1
Maharashtra,Mumbai,MetroInoxCinemaMGRoad,English,12:00,Executive,140₹,30,0
Maharashtra,Mumbai,MetroInoxCinemaMGRoad,English,12:00,Royale,190₹,81,0
WestBengal,Siliguri,InoxCityCentreMatigara,Hindi,12:00,Club,140₹,232,0
WestBengal,Siliguri,InoxCityCentreMatigara,Hindi,12:00,Executive,140₹,80,0
WestBengal,Siliguri,InoxCityCentreMatigara,Hindi,12:00,Royale,350₹,12,0
UttarPradesh,Agra,SarvMultiplexAgra,Hindi,12:00,FamilyClub,300₹,23,0
UttarPradesh,Agra,SarvMultiplexAgra,Hindi,12:00,Kiddles,200₹,45,0
UttarPradesh,Agra,SarvMultiplexAgra,Hindi,12:00,KidsLounger,200₹,6,0
Haryana,Faridabad,InoxEf3MallMathuraRoad,Hindi,12:05,Club,100₹,134,0
Haryana,Faridabad,InoxEf3MallMathuraRoad,Hindi,12:05,Executive,80₹,24,1
Haryana,Faridabad,InoxEf3MallMathuraRoad,Hindi,12:05,Royale,112₹,35,1
Maharashtra,Mumbai,PvrMarketCity4DxKurlaW,English,12:05,4DxPrime,300₹,80,16
Maharashtra,Mumbai,PvrMarketCity4DxKurlaW,English,12:05,4DxClassic,250₹,60,0
JammuAndKashmir,Jammu,WaveOneMoviesJammu,Hindi,12:05,Executive,250₹,57,4
JammuAndKashmir,Jammu,WaveOneMoviesJammu,Hindi,12:05,Premium,230₹,99,0
JammuAndKashmir,Jammu,WaveOneMoviesJammu,Hindi,12:05,Classic,200₹,48,0
Maharashtra,Mumbai,CinepolisNexusSeawoodsNaviMumbai,English,12:10,Normal,350₹,84,10
Haryana,Panchkula,RajhansCinemasPanchkula,Hindi,12:10,Executive,150₹,154,2
Haryana,Panchkula,RajhansCinemasPanchkula,Hindi,12:10,Royal,130₹,34,0
Haryana,Panchkula,RajhansCinemasPanchkula,Hindi,12:10,Marvel,110₹,17,0
Karnataka,Bengaluru,Pvr4DxOrionMallDrRajkumarRoad,English,12:10,Classic,280₹,88,17
Delhi,NewDelhi,InoxJanakPlace,Hindi,12:10,Club,177₹,109,2
Delhi,NewDelhi,InoxJanakPlace,Hindi,12:10,Executive,151₹,138,2
Delhi,NewDelhi,InoxJanakPlace,Hindi,12:10,Royal,185₹,28,2
Karnataka,Bengaluru,PvrVega4DxBannerghattaRoad,English,12:10,Classic,280₹,100,4
Karnataka,Bengaluru,InoxNexusWhitefield,English,12:10,Premiere,150₹,78,0
Karnataka,Bengaluru,InoxNexusWhitefield,English,12:10,Silver,160₹,67,2
Maharashtra,Chandrapur,RadhakrishnaTalkies,Hindi,12:15,Gold,100₹,608,0
UttarPradesh,Faizabad,ParadiseDdPlex,Hindi,12:15,Diamond,200₹,18,0
UttarPradesh,Faizabad,ParadiseDdPlex,Hindi,12:15,Gold,150₹,108,0
Delhi,NewDelhi,PvrVegas4DxDwarka,Hindi,12:15,Prime,380₹,24,0
Delhi,NewDelhi,PvrVegas4DxDwarka,Hindi,12:15,Classic,350₹,72,4
MadhyaPradesh,Bhopal,RajCinemaBhopal,Hindi,12:15,Diamond,110₹,220,138
MadhyaPradesh,Bhopal,RajCinemaBhopal,Hindi,12:15,Silver,80₹,128,128
Gujarat,Rajkot,CarnivalGardenHotelAndResort,Hindi,12:15,SingleSofa,400₹,78,0
Gujarat,Rajkot,CarnivalGardenHotelAndResort,Hindi,12:15,CoupleSofa,450₹,22,0
Gujarat,Surat,PvrRahulRaj4DxDumasRoad,Hindi,12:15,4DxPrime,360₹,60,15
Gujarat,Surat,PvrRahulRaj4DxDumasRoad,Hindi,12:15,4DxClassic,340₹,24,0
Karnataka,Belagavi,InoxCampRoadBelgaum,English,12:15,Club,150₹,56,8
Karnataka,Belagavi,InoxCampRoadBelgaum,English,12:15,Executive,150₹,14,0
Karnataka,Belagavi,InoxCampRoadBelgaum,English,12:15,Royal,150₹,5,0
Gujarat,Ahmedabad,NyCinemasAhmedabad,Hindi,12:15,Cl,140₹,34,0
Gujarat,Ahmedabad,NyCinemasAhmedabad,Hindi,12:15,Pr,140₹,126,0
Gujarat,Ahmedabad,NyCinemasAhmedabad,Hindi,12:15,Re,200₹,15,0
Gujarat,Ahmedabad,NyCinemasAhmedabad,Hindi,12:15,Co,180₹,26,0
TamilNadu,Coimbatore,SpiTheCinemaBrookefieldsMall,Tamil,12:20,Budget,60₹,20,18
TamilNadu,Coimbatore,SpiTheCinemaBrookefieldsMall,Tamil,12:20,Elite,190₹,164,0
Gujarat,Gandhinagar,InoxR16Gandhinagar,Hindi,12:20,Gold,140₹,115,0
Gujarat,Gandhinagar,InoxR16Gandhinagar,Hindi,12:20,Platinum,190₹,6,2
Gujarat,Gandhinagar,InoxR16Gandhinagar,Hindi,12:20,Silver,140₹,23,0
Punjab,Mohali,PvrVrPunjabMallMohali,Hindi,12:20,Classic,180₹,105,5
Punjab,Mohali,PvrVrPunjabMallMohali,Hindi,12:20,Prime,210₹,42,2
Maharashtra,Mumbai,CarnivalImaxWadala,English,12:20,PlatinumOffline,170₹,212,1
Maharashtra,Mumbai,CarnivalImaxWadala,English,12:20,PremiumOffline,220₹,95,0
Gujarat,Surat,RajhansCinemasVesu,Hindi,12:30,Marvel,140₹,28,0
Gujarat,Surat,RajhansCinemasVesu,Hindi,12:30,Royal,140₹,42,0
Gujarat,Surat,RajhansCinemasVesu,Hindi,12:30,Executive,140₹,85,0
Gujarat,Surat,RajhansCinemasVesu,Hindi,12:30,Recliner,300₹,14,0
Maharashtra,Mumbai,MovieMaxEternityThaneMumbai,Hindi,12:30,Classic,120₹,44,2
Maharashtra,Mumbai,MovieMaxEternityThaneMumbai,Hindi,12:30,Prime,140₹,185,1
Maharashtra,Mumbai,MovieMaxEternityThaneMumbai,Hindi,12:30,Recliner,180₹,32,2
Gujarat,Gandhidham,RajhansCinemasGandhidham,Hindi,12:30,Marvel,140₹,20,0
Gujarat,Gandhidham,RajhansCinemasGandhidham,Hindi,12:30,Royal,160₹,40,0
Gujarat,Gandhidham,RajhansCinemasGandhidham,Hindi,12:30,Executive,180₹,182,22
Gujarat,Gandhidham,RajhansCinemasGandhidham,Hindi,12:30,Recliner,350₹,20,0
Rajasthan,Jaipur,CinestarMultiplexVidhyadharNagar,Hindi,12:30,Gold,100₹,119,0
Rajasthan,Jaipur,CinestarMultiplexVidhyadharNagar,Hindi,12:30,Recliner,300₹,8,0
Rajasthan,Jaipur,CinestarMultiplexVidhyadharNagar,Hindi,12:30,Platinum,100₹,123,0
Rajasthan,Jaipur,CinestarMultiplexVidhyadharNagar,Hindi,12:30,CoupleRecliner,300₹,12,0
Gujarat,Anand,GoldCinemaAnand,Hindi,12:30,Diamond,140₹,72,0
Gujarat,Anand,GoldCinemaAnand,Hindi,12:30,Gold,140₹,45,0
UttarPradesh,Noida,PvrLogixCityCentre4DxNoida,English,12:30,Classic,425₹,80,6
UttarPradesh,GreaterNoida,UsCinemasEuropaLuxGalaxyBlueSapphire,Hindi,12:30,LuxPlus,170₹,143,0
UttarPradesh,GreaterNoida,UsCinemasEuropaLuxGalaxyBlueSapphire,Hindi,12:30,Lux,140₹,80,0
Maharashtra,Mumbai,MovieTimeHubMallGoregaonE,Hindi,12:30,Gold,130₹,196,23
Gujarat,Bharuch,RajhansCinemasGoldenSquareBharuch,Hindi,12:30,Marvel,140₹,34,0
Gujarat,Bharuch,RajhansCinemasGoldenSquareBharuch,Hindi,12:30,Royal,140₹,34,0
Gujarat,Bharuch,RajhansCinemasGoldenSquareBharuch,Hindi,12:30,Executive,140₹,126,21
Gujarat,Bharuch,RajhansCinemasGoldenSquareBharuch,Hindi,12:30,Recliner,240₹,21,0
Gujarat,Ahmedabad,RajhansCinemasNikol,Hindi,12:30,Marvel,140₹,26,0
Gujarat,Ahmedabad,RajhansCinemasNikol,Hindi,12:30,Royal,140₹,73,0
Gujarat,Ahmedabad,RajhansCinemasNikol,Hindi,12:30,Executive,150₹,140,21
UttarPradesh,Saharanpur,CineluvCinemaSaharanpur,Hindi,12:30,Platinum,200₹,66,40
UttarPradesh,Saharanpur,CineluvCinemaSaharanpur,Hindi,12:30,Gold,150₹,105,69
UttarPradesh,Saharanpur,CineluvCinemaSaharanpur,Hindi,12:30,Silver,150₹,72,54
Chhattisgarh,Rajnandgaon,EosSilverScreenMultiplexBasantpur,Hindi,12:30,Gold,120₹,36,8
Chhattisgarh,Rajnandgaon,EosSilverScreenMultiplexBasantpur,Hindi,12:30,Prime,90₹,97,28
Chhattisgarh,Rajnandgaon,EosSilverScreenMultiplexBasantpur,Hindi,12:30,Deluxe,70₹,38,20
Gujarat,Veraval,FunCinemaAradhanaCineplex,Hindi,12:30,Gold,140₹,125,0
Gujarat,Veraval,FunCinemaAradhanaCineplex,Hindi,12:30,Silver,140₹,125,0
Gujarat,Nadiad,RajhansCineworldNadiad,Hindi,12:30,Executive,140₹,100,0
Gujarat,Nadiad,RajhansCineworldNadiad,Hindi,12:30,Royal,140₹,100,0
Gujarat,Nadiad,RajhansCineworldNadiad,Hindi,12:30,Marvel,140₹,100,0
Maharashtra,Ulhasnagar,MirajAshokAnilMultiplexUlhasnagar,Hindi,12:35,Silver,130₹,40,0
Maharashtra,Ulhasnagar,MirajAshokAnilMultiplexUlhasnagar,Hindi,12:35,Gold,130₹,197,2
Maharashtra,Jalgaon,PvrUtsavKirtiMallNaviPeth,Hindi,12:40,Classic,100₹,51,0
Maharashtra,Jalgaon,PvrUtsavKirtiMallNaviPeth,Hindi,12:40,ClassicPlus,100₹,120,17
Maharashtra,Jalgaon,PvrUtsavKirtiMallNaviPeth,Hindi,12:40,Prime,100₹,55,2
TamilNadu,Chennai,SpiPalazzoNexusVijayaMallVadapalaniChennai,Tamil,12:40,Budget,60₹,28,28
TamilNadu,Chennai,SpiPalazzoNexusVijayaMallVadapalaniChennai,Tamil,12:40,Elite,179₹,170,5
Rajasthan,Jaipur,InoxCityPlazaMallBaniPark,Hindi,12:40,Comfort,112₹,48,0
Rajasthan,Jaipur,InoxCityPlazaMallBaniPark,Hindi,12:40,ClubClass,160₹,119,0
Rajasthan,Jaipur,InoxCityPlazaMallBaniPark,Hindi,12:40,Luxury,112₹,210,0
Rajasthan,Jaipur,InoxCityPlazaMallBaniPark,Hindi,12:40,PassPass,140₹,101,0
Maharashtra,Pune,CinepolisSeasonsMallHadapsar,Hindi,12:40,Normal,150₹,29,0
Maharashtra,Pune,CinepolisSeasonsMallHadapsar,Hindi,12:40,Executive,150₹,83,3
Maharashtra,Pune,CinepolisSeasonsMallHadapsar,Hindi,12:40,Premium,150₹,35,4
Delhi,NewDelhi,PvrPacificSubhashNagar4DxDelhi,Hindi,12:40,Prime,400₹,56,8
Delhi,NewDelhi,PvrPacificSubhashNagar4DxDelhi,Hindi,12:40,Classic,350₹,36,2
UttarPradesh,Lucknow,NoveltyMgsCinemaLalbagh,Hindi,12:45,GoldRecliner,200₹,16,0
UttarPradesh,Lucknow,NoveltyMgsCinemaLalbagh,Hindi,12:45,Premium,110₹,169,0
UttarPradesh,Lucknow,NoveltyMgsCinemaLalbagh,Hindi,12:45,Classic,110₹,92,0
UttarPradesh,Lucknow,NoveltyMgsCinemaLalbagh,Hindi,12:45,Silver,110₹,85,0
UttarPradesh,Ghaziabad,MirajCinemasWsmGhaziabad,Hindi,12:45,Gold,130₹,9,0
UttarPradesh,Ghaziabad,MirajCinemasWsmGhaziabad,Hindi,12:45,Platinum,90₹,162,1
UttarPradesh,Ghaziabad,MirajCinemasWsmGhaziabad,Hindi,12:45,Executive,90₹,102,0
UttarPradesh,Mathura,GoldCinemaMathura,Hindi,12:45,Gold,150₹,122,0
UttarPradesh,Mathura,GoldCinemaMathura,Hindi,12:45,Silver,150₹,45,0
Haryana,Rohtak,InoxSkytechMallRohtak,Hindi,12:50,Club,140₹,74,0
Haryana,Rohtak,InoxSkytechMallRohtak,Hindi,12:50,Executive,110₹,41,0
Haryana,Rohtak,InoxSkytechMallRohtak,Hindi,12:50,Royale,160₹,34,0
Haryana,Rewari,BmgCinemaBmgMallLeoChowk,Hindi,12:50,Gold,110₹,260,40
UttarPradesh,Ghaziabad,MirajCinemasM4URajendraNagar,Hindi,12:55,Executive,90₹,116,0
UttarPradesh,Ghaziabad,MirajCinemasM4URajendraNagar,Hindi,12:55,Special,90₹,65,0
Gujarat,Surat,InoxRajImperialVarachhaRoad,Hindi,12:55,Gold,150₹,113,4
Gujarat,Surat,InoxRajImperialVarachhaRoad,Hindi,12:55,Imperial,300₹,11,0
Gujarat,Surat,InoxRajImperialVarachhaRoad,Hindi,12:55,Platinum,180₹,53,3
Gujarat,Surat,InoxRajImperialVarachhaRoad,Hindi,12:55,Silver,140₹,36,0
WestBengal,Kolkata,CinepolisLakeMallRashbehari,English,12:55,Normal,160₹,22,0
WestBengal,Kolkata,CinepolisLakeMallRashbehari,English,12:55,Executive,160₹,55,2
WestBengal,Kolkata,CinepolisLakeMallRashbehari,English,12:55,Premium,160₹,22,0
Karnataka,Mangalore,PvrNexusMallPandeshwarMangalore,English,12:55,Classic,130₹,126,0
Karnataka,Mangalore,PvrNexusMallPandeshwarMangalore,English,12:55,Prime,130₹,32,0
Karnataka,Mangalore,PvrNexusMallPandeshwarMangalore,English,12:55,Recliner,300₹,12,2
Orissa,Bhubaneswar,CinepolisNexusEsplanadeBhubaneswar,English,12:55,Vip,400₹,14,0
Orissa,Bhubaneswar,CinepolisNexusEsplanadeBhubaneswar,English,12:55,Premium,160₹,69,3
Orissa,Bhubaneswar,CinepolisNexusEsplanadeBhubaneswar,English,12:55,Executive,150₹,76,0
Orissa,Bhubaneswar,CinepolisNexusEsplanadeBhubaneswar,English,12:55,Normal,140₹,37,0
Karnataka,Bengaluru,CinepolisRoyalMeenakshiMallBannerghattaRoad,English,13:00,Normal,150₹,26,0
Karnataka,Bengaluru,CinepolisRoyalMeenakshiMallBannerghattaRoad,English,13:00,Executive,150₹,71,0
Karnataka,Bengaluru,CinepolisRoyalMeenakshiMallBannerghattaRoad,English,13:00,Premium,150₹,30,1
UttarPradesh,Ghazipur,AvStarworldCinemasBandhwaPull,Hindi,13:00,Diamond,200₹,38,20
UttarPradesh,Ghazipur,AvStarworldCinemasBandhwaPull,Hindi,13:00,Gold,190₹,67,42
UttarPradesh,Ghazipur,AvStarworldCinemasBandhwaPull,Hindi,13:00,Silver,170₹,130,92
Gujarat,Navsari,RajhansCinemasNavsari,Hindi,13:00,Platinum,170₹,75,5
Gujarat,Navsari,RajhansCinemasNavsari,Hindi,13:00,Executive,150₹,132,22
Gujarat,Navsari,RajhansCinemasNavsari,Hindi,13:00,Royal,140₹,110,0
Gujarat,Navsari,RajhansCinemasNavsari,Hindi,13:00,Marvel,140₹,62,0
Gujarat,Bharuch,InoxBlueChipMallBharuch,Hindi,13:00,Executive,140₹,66,0
Gujarat,Bharuch,InoxBlueChipMallBharuch,Hindi,13:00,Gold,140₹,8,0
Gujarat,Bharuch,InoxBlueChipMallBharuch,Hindi,13:00,Silver,140₹,173,0
UttarPradesh,Moradabad,SatyamCinemaMoradabad,Hindi,13:00,Box1,200₹,24,24
UttarPradesh,Moradabad,SatyamCinemaMoradabad,Hindi,13:00,Box2,200₹,6,6
UttarPradesh,Moradabad,SatyamCinemaMoradabad,Hindi,13:00,PlatinumUpper,150₹,21,21
UttarPradesh,Moradabad,SatyamCinemaMoradabad,Hindi,13:00,Gold,100₹,152,128
UttarPradesh,Moradabad,SatyamCinemaMoradabad,Hindi,13:00,PlatinumLower,150₹,20,0
MadhyaPradesh,Bhopal,CinepolisAashimaMallBawadiyaKalan,Hindi,13:00,Normal,120₹,30,0
MadhyaPradesh,Bhopal,CinepolisAashimaMallBawadiyaKalan,Hindi,13:00,Executive,120₹,77,0
MadhyaPradesh,Bhopal,CinepolisAashimaMallBawadiyaKalan,Hindi,13:00,Premium,120₹,71,2
UttarPradesh,GreaterNoida,InoxOmaxeConnaughtPlaceMallGreaterNoida,English,13:00,Insignia,280₹,78,1
Gujarat,Bharuch,InoxShaalimarMallStationRoad,Hindi,13:00,Executive,112₹,51,0
Gujarat,Bharuch,InoxShaalimarMallStationRoad,Hindi,13:00,Premiere,112₹,211,0
Maharashtra,Nashik,CinemaxCityCenterNasik,Hindi,13:00,Recliner,260₹,33,17
Maharashtra,Nashik,CinemaxCityCenterNasik,Hindi,13:00,Prime,140₹,135,31
Maharashtra,Nashik,CinemaxCityCenterNasik,Hindi,13:00,Classic,120₹,34,0
UttarPradesh,Lucknow,PvrPhoenixUnitedMallAlambagh,Hindi,13:00,Classic,140₹,138,6
UttarPradesh,Lucknow,PvrPhoenixUnitedMallAlambagh,Hindi,13:00,Prime,200₹,9,0
Gujarat,Bharuch,InoxBlueChipMallBharuch,Hindi,13:00,Executive,140₹,66,0
Gujarat,Bharuch,InoxBlueChipMallBharuch,Hindi,13:00,Gold,140₹,10,2
Gujarat,Bharuch,InoxBlueChipMallBharuch,Hindi,13:00,Silver,140₹,180,7
AndhraPradesh,Vijayawada,CapitalCinemasTrendsetMallKalaNagar,Telugu,13:00,Gold,295₹,27,0
AndhraPradesh,Vijayawada,CapitalCinemasTrendsetMallKalaNagar,Telugu,13:00,Silver,177₹,21,0
Haryana,Panipat,FunCinemaMittalMegaMallHuda,Hindi,13:00,Normal,130₹,54,2
Haryana,Panipat,FunCinemaMittalMegaMallHuda,Hindi,13:00,Executive,150₹,156,2
Punjab,Batala,SolitaireCinemasBatala,Hindi,13:00,SolitaireClassic,230₹,65,0
Punjab,Batala,SolitaireCinemasBatala,Hindi,13:00,Gold,200₹,78,2
Punjab,Batala,SolitaireCinemasBatala,Hindi,13:00,Silver,170₹,30,0
Gujarat,Bharuch,InoxShaalimarMallStationRoad,English,13:00,Executive,112₹,51,0
Gujarat,Bharuch,InoxShaalimarMallStationRoad,English,13:00,Premiere,112₹,211,0
UttarPradesh,Ghaziabad,SilvercityMultiplexGhaziabad,Hindi,13:00,Platinum,150₹,39,16
UttarPradesh,Ghaziabad,SilvercityMultiplexGhaziabad,Hindi,13:00,Gold,100₹,268,39
Gujarat,Anand,InoxCityPulseMallAnand,Hindi,13:05,Gold,140₹,48,0
WestBengal,Kolkata,InoxSouthCityMall,English,13:05,Silver,320₹,243,8
TamilNadu,Chennai,SpiSathyamCinemasRoyapettah,English,13:10,Elite,185₹,126,126
TamilNadu,Chennai,SpiSathyamCinemasRoyapettah,English,13:10,Budget,66₹,20,20
Gujarat,Ahmedabad,CinemaxDevArcMall,Hindi,13:10,Recliner,170₹,34,0
Gujarat,Ahmedabad,CinemaxDevArcMall,Hindi,13:10,Prime,140₹,182,2
Gujarat,Ahmedabad,CinemaxDevArcMall,Hindi,13:10,Classic,140₹,36,0
Gujarat,Gandhinagar,InoxRWorldAdalaj,Hindi,13:15,Gold,140₹,174,0
Gujarat,Gandhinagar,InoxRWorldAdalaj,Hindi,13:15,Platinum,170₹,34,3
Gujarat,Gandhinagar,InoxRWorldAdalaj,Hindi,13:15,Silver,140₹,188,0
Maharashtra,Nashik,MovieMaxNashik1,Hindi,13:15,Classic,90₹,57,0
Maharashtra,Nashik,MovieMaxNashik1,Hindi,13:15,Prime,100₹,261,0
Maharashtra,Nashik,MovieMaxNashik1,Hindi,13:15,PrimePlus,110₹,16,0
Telangana,Hyderabad,PvrNextGalleriaMallPanjagutta,English,13:15,Classic,112₹,193,30
Telangana,Hyderabad,PvrNextGalleriaMallPanjagutta,English,13:15,Recliner,200₹,10,6
Punjab,Mohali,CinepolisBestechSquareMallMohali,Hindi,13:15,Normal,120₹,26,0
Punjab,Mohali,CinepolisBestechSquareMallMohali,Hindi,13:15,Executive,140₹,69,0
Punjab,Mohali,CinepolisBestechSquareMallMohali,Hindi,13:15,Premium,160₹,38,0
Punjab,Mohali,CinepolisBestechSquareMallMohali,Hindi,13:15,Vip,260₹,10,0
Karnataka,Bengaluru,PvrPhoenixMarketcityMall4DxWhitefieldRoad,English,13:15,Classic,280₹,88,6
UttarPradesh,GreaterNoida,NyCinemasSonicWorldMallGreaterNoida,Hindi,13:15,Eb,150₹,10,0
UttarPradesh,GreaterNoida,NyCinemasSonicWorldMallGreaterNoida,Hindi,13:15,Ex,110₹,24,0
UttarPradesh,GreaterNoida,NyCinemasSonicWorldMallGreaterNoida,Hindi,13:15,Pr,130₹,108,0
MadhyaPradesh,Gwalior,FunCinemaDdCityMallGwalior,Hindi,13:20,Normal,160₹,110,0
MadhyaPradesh,Gwalior,FunCinemaDdCityMallGwalior,Hindi,13:20,Executive,170₹,119,14
Rajasthan,Jaipur,CinepolisTritonMegaMallJhotwaraRoad,Hindi,13:20,Executive,140₹,129,16
Rajasthan,Jaipur,CinepolisTritonMegaMallJhotwaraRoad,Hindi,13:20,Normal,140₹,34,0
Gujarat,Ahmedabad,PvrArvedTranscube,Hindi,13:20,Classic,120₹,54,0
Gujarat,Ahmedabad,PvrArvedTranscube,Hindi,13:20,Prime,140₹,187,22
Gujarat,Ahmedabad,PvrArvedTranscube,Hindi,13:20,Recliner,265₹,8,0
Haryana,Gurgaon,PvrImaxAmbienceGurgaon,English,13:20,ClassicImax,200₹,165,4
Haryana,Gurgaon,PvrImaxAmbienceGurgaon,English,13:20,PrimeImax,250₹,113,2
Haryana,Gurgaon,PvrImaxAmbienceGurgaon,English,13:20,Lounger,250₹,9,0
Gujarat,Vadodara,PvrTransCubeVadodara,Hindi,13:20,Classic,150₹,42,0
Gujarat,Vadodara,PvrTransCubeVadodara,Hindi,13:20,Prime,150₹,137,4
Gujarat,Vadodara,PvrTransCubeVadodara,Hindi,13:20,Recliner,300₹,8,0
Maharashtra,Mumbai,FunCinemaKStarMallChemburE,Hindi,13:25,Normal,130₹,104,0
Maharashtra,Mumbai,FunCinemaKStarMallChemburE,Hindi,13:25,Executive,130₹,69,9
Maharashtra,Mumbai,FunCinemaKStarMallChemburE,Hindi,13:25,Premium,150₹,46,10
Karnataka,Bengaluru,PvrImaxVegaCityBannerghattaRoad,English,13:30,Classic,170₹,250,11
Karnataka,Bengaluru,PvrImaxVegaCityBannerghattaRoad,English,13:30,Prime,200₹,43,7
Maharashtra,Chandrapur,MirajCinemaChandrapur,Hindi,13:30,Special,110₹,70,0
Maharashtra,Chandrapur,MirajCinemaChandrapur,Hindi,13:30,Executive,130₹,105,0
Maharashtra,Chandrapur,MirajCinemaChandrapur,Hindi,13:30,Gold,150₹,30,10
UttarPradesh,Lucknow,InoxUmraoMallMahanagar,Hindi,13:30,Club,140₹,129,1
UttarPradesh,Lucknow,InoxUmraoMallMahanagar,Hindi,13:30,Executive,110₹,34,2
UttarPradesh,Lucknow,InoxUmraoMallMahanagar,Hindi,13:30,Royale,150₹,50,9
Gujarat,Vadodara,PvrEvaMallManjalpur,Hindi,13:30,Classic,150₹,48,0
Gujarat,Vadodara,PvrEvaMallManjalpur,Hindi,13:30,Prime,150₹,48,0
Gujarat,Vadodara,PvrEvaMallManjalpur,Hindi,13:30,PrimePlus,150₹,97,4
UttarPradesh,Lucknow,InoxMegaplexPhoenixPalassioMallLucknow,English,13:30,Club,220₹,228,0
UttarPradesh,Lucknow,InoxMegaplexPhoenixPalassioMallLucknow,English,13:30,Executive,180₹,42,0
UttarPradesh,Lucknow,InoxMegaplexPhoenixPalassioMallLucknow,English,13:30,Royale,240₹,37,4
Maharashtra,Mumbai,PvrInfinitiMalad4DxMumbai,English,13:30,4DxPrime,240₹,52,18
Maharashtra,Mumbai,PvrInfinitiMalad4DxMumbai,English,13:30,4DxClassic,220₹,24,0
Gujarat,Nadiad,InoxOpalOneMallNadiad,Hindi,13:30,Club,140₹,51,0
Gujarat,Nadiad,InoxOpalOneMallNadiad,Hindi,13:30,Executive,140₹,34,0
Gujarat,Nadiad,InoxOpalOneMallNadiad,Hindi,13:30,RoyalRecliners,140₹,15,0
Gujarat,Nadiad,InoxOpalOneMallNadiad,Hindi,13:30,Royal,140₹,28,0
Punjab,Amritsar,CinepolisCelebrationMallAmritsar,Hindi,13:30,Premium,110₹,24,2
Punjab,Amritsar,CinepolisCelebrationMallAmritsar,Hindi,13:30,Executive,110₹,61,2
Punjab,Amritsar,CinepolisCelebrationMallAmritsar,Hindi,13:30,Normal,110₹,28,0
Uttarakhand,Kotdwar,KayCinemasKotdwar,Hindi,13:30,Gold,200₹,60,18
Uttarakhand,Kotdwar,KayCinemasKotdwar,Hindi,13:30,Silver,160₹,88,0
AndhraPradesh,Vizag,InoxVarunBeachMaharanipet,English,13:35,Excutive,177₹,137,0
UttarPradesh,Gorakhpur,InoxCityMallGorakhpur,Hindi,13:35,Club,180₹,127,5
UttarPradesh,Gorakhpur,InoxCityMallGorakhpur,Hindi,13:35,Executive,150₹,52,5
UttarPradesh,Gorakhpur,InoxCityMallGorakhpur,Hindi,13:35,RoyalRecliner,390₹,6,0
Rajasthan,Kota,InoxAhluwaliasGreatMallDhanmandi,Hindi,13:35,Club,130₹,93,0
Rajasthan,Kota,InoxAhluwaliasGreatMallDhanmandi,Hindi,13:35,Executive,130₹,45,0
Rajasthan,Kota,InoxAhluwaliasGreatMallDhanmandi,Hindi,13:35,Royale,130₹,37,0
TamilNadu,Chennai,SpiPalazzoNexusVijayaMallVadapalaniChennai,English,13:35,Imax,199₹,346,13
Punjab,Bathinda,FunCinemaMittalCityMallVishalNagar,Hindi,13:35,Premium,180₹,50,3
Punjab,Bathinda,FunCinemaMittalCityMallVishalNagar,Hindi,13:35,Executive,170₹,60,0
Punjab,Bathinda,FunCinemaMittalCityMallVishalNagar,Hindi,13:35,Normal,160₹,59,2
UttarPradesh,Lucknow,PvrSaharaGanjMallHazratganj,Hindi,13:35,Classic,170₹,171,0
UttarPradesh,Lucknow,PvrSaharaGanjMallHazratganj,Hindi,13:35,Recliner,280₹,12,0
Telangana,Hyderabad,PvrAtriumGachibowliHyderabad,English,13:40,Classic,112₹,156,17
Telangana,Hyderabad,PvrAtriumGachibowliHyderabad,English,13:40,Recliner,200₹,16,6
Uttarakhand,Rudrapur,MovieTimeRudrapur,Hindi,13:40,Premier,100₹,153,0
Uttarakhand,Rudrapur,MovieTimeRudrapur,Hindi,13:40,Star,100₹,114,0
Uttarakhand,Rudrapur,MovieTimeRudrapur,Hindi,13:40,Standara,100₹,38,0
Rajasthan,Ajmer,InoxCitySquareMallPanchsheelNagar,Hindi,13:40,Club,100₹,76,0
Rajasthan,Ajmer,InoxCitySquareMallPanchsheelNagar,Hindi,13:40,Executive,80₹,38,0
Rajasthan,Ajmer,InoxCitySquareMallPanchsheelNagar,Hindi,13:40,Platinum,100₹,85,0
Rajasthan,Ajmer,InoxCitySquareMallPanchsheelNagar,Hindi,13:40,Royale,112₹,29,0
Telangana,Hyderabad,InoxGsmMallMadinaguda,English,13:40,Executive,150₹,146,2
Telangana,Hyderabad,InoxGsmMallMadinaguda,English,13:40,Royal,250₹,5,0
Maharashtra,Mumbai,PvrIconPhoenixPalladiumLowerParelMumbai,English,13:40,Lounger,180₹,14,0
Maharashtra,Mumbai,PvrIconPhoenixPalladiumLowerParelMumbai,English,13:40,Classic,140₹,38,0
Maharashtra,Mumbai,PvrIconPhoenixPalladiumLowerParelMumbai,English,13:40,Prime,220₹,186,20
Maharashtra,Mumbai,PvrIconPhoenixPalladiumLowerParelMumbai,English,13:40,Recliner,350₹,14,6
Karnataka,Bengaluru,CinepolisEtaNammaMallBinnyPete,English,13:40,Executive,140₹,69,0
Karnataka,Bengaluru,CinepolisEtaNammaMallBinnyPete,English,13:40,Premium,140₹,29,2
Haryana,Gurgaon,InoxGurgaonArdeeMall,English,13:45,Insignia,550₹,25,2
WestBengal,Siliguri,CarnivalCinemaSiliguri,Hindi,13:45,Special,110₹,42,0
WestBengal,Siliguri,CarnivalCinemaSiliguri,Hindi,13:45,Executive,110₹,197,0
WestBengal,Siliguri,CarnivalCinemaSiliguri,Hindi,13:45,Gold,160₹,46,0
Haryana,Gurgaon,InoxGurgaonSapphire83,Hindi,13:45,Club,170₹,45,0
Haryana,Gurgaon,InoxGurgaonSapphire83,Hindi,13:45,RoyalRecliner,280₹,8,0
Haryana,Gurgaon,InoxGurgaonSapphire83,Hindi,13:45,Royal,190₹,106,0
Telangana,Hyderabad,CinepolisCcplMallMalkajgiri,English,13:45,Executive,150₹,121,1
UttarPradesh,GreaterNoida,CinepolisTheGrandVeniceMallGreaterNoida,Hindi,13:45,Normal,140₹,22,0
UttarPradesh,GreaterNoida,CinepolisTheGrandVeniceMallGreaterNoida,Hindi,13:45,Executive,150₹,67,0
UttarPradesh,GreaterNoida,CinepolisTheGrandVeniceMallGreaterNoida,Hindi,13:45,Premium,160₹,25,8
Haryana,Gurgaon,InoxSapphire90MallGurugram,Hindi,13:45,Club,190₹,107,0
Haryana,Gurgaon,InoxSapphire90MallGurugram,Hindi,13:45,Executive,170₹,22,0
Haryana,Gurgaon,InoxSapphire90MallGurugram,Hindi,13:45,RoyaleRecliner,290₹,6,4
Haryana,Gurgaon,InoxSapphire90MallGurugram,Hindi,13:45,Royale,190₹,29,0
Delhi,NewDelhi,PvrSaketDelhi,Hindi,13:45,Classic,195₹,52,9
Delhi,NewDelhi,PvrSaketDelhi,Hindi,13:45,Prime,245₹,41,11
Karnataka,Bengaluru,PvrVrImaxWhitefieldRoad,English,13:45,Classic,170₹,184,0
Karnataka,Bengaluru,PvrVrImaxWhitefieldRoad,English,13:45,Prime,200₹,64,1
WestBengal,Kolkata,MirajCinemasNewtownKolkata,Hindi,13:45,Special,100₹,51,0
WestBengal,Kolkata,MirajCinemasNewtownKolkata,Hindi,13:45,Executive,100₹,85,0
WestBengal,Kolkata,MirajCinemasNewtownKolkata,Hindi,13:45,Recliner,200₹,23,0
Haryana,Panchkula,InoxNh22MallAmravatiEnclave,Hindi,13:45,Club,140₹,139,0
Haryana,Panchkula,InoxNh22MallAmravatiEnclave,Hindi,13:45,Executive,100₹,108,0
Delhi,NewDelhi,PvrVegasImaxDwarka,English,13:50,Prime,330₹,97,4
Delhi,NewDelhi,PvrVegasImaxDwarka,English,13:50,Classic,300₹,228,0
UttarPradesh,GreaterNoida,PvrGaurCityGreaterNoida,English,13:50,Classic,160₹,92,3
UttarPradesh,GreaterNoida,PvrGaurCityGreaterNoida,English,13:50,Prime,180₹,13,0
Delhi,NewDelhi,InoxPatelNagar,English,13:50,Club,185₹,81,0
Delhi,NewDelhi,InoxPatelNagar,English,13:50,Executive,156₹,105,0
Delhi,NewDelhi,InoxPatelNagar,English,13:50,Royal,193₹,30,6
UttarPradesh,GreaterNoida,PvrAnsalPlazaGreaterNoida,Hindi,13:50,Classic,120₹,78,6
UttarPradesh,GreaterNoida,PvrAnsalPlazaGreaterNoida,Hindi,13:50,Prime,140₹,35,3
Rajasthan,Kota,PvrCinemallKota,Hindi,13:50,Classic,120₹,57,0
Rajasthan,Kota,PvrCinemallKota,Hindi,13:50,Prime,130₹,126,15
Rajasthan,Kota,PvrCinemallKota,Hindi,13:50,Recliner,240₹,16,7
Haryana,Gurgaon,PvrMgfMall4DxGurgaon,English,13:50,Classic,300₹,96,0
Chhattisgarh,Bhilai,PvrTreasureIslandBhilai,Hindi,13:50,Classic,120₹,30,0
Chhattisgarh,Bhilai,PvrTreasureIslandBhilai,Hindi,13:50,Prime,120₹,79,3
Chhattisgarh,Bhilai,PvrTreasureIslandBhilai,Hindi,13:50,PrimePlus,200₹,41,13
HimachalPradesh,Bilaspur,PvrRamaMagnetoMallBilaspur,Hindi,13:50,Classic,112₹,36,0
HimachalPradesh,Bilaspur,PvrRamaMagnetoMallBilaspur,Hindi,13:50,Prime,140₹,69,22
HimachalPradesh,Bilaspur,PvrRamaMagnetoMallBilaspur,Hindi,13:50,PrimePlus,250₹,10,5
WestBengal,Kolkata,InoxHindGaneshChandraAvenue,English,13:50,Executive,112₹,37,0
WestBengal,Kolkata,InoxHindGaneshChandraAvenue,English,13:50,Premium,112₹,107,0
WestBengal,Kolkata,InoxHindGaneshChandraAvenue,English,13:50,Silver,112₹,181,0
UttarPradesh,Noida,CarnivalTgipNoida,Hindi,13:50,Gold,150₹,225,6
UttarPradesh,Noida,CarnivalTgipNoida,Hindi,13:50,Recliner,400₹,12,8
Maharashtra,Mumbai,PvrDynamicJuhu,English,13:50,Prime,130₹,264,23
Maharashtra,Mumbai,PvrDynamicJuhu,English,13:50,Lounger,160₹,12,0
Rajasthan,Bhiwadi,InoxGenesisMallBhiwadi,Hindi,13:55,Club,130₹,97,0
Rajasthan,Bhiwadi,InoxGenesisMallBhiwadi,Hindi,13:55,Executive,112₹,39,0
Rajasthan,Bhiwadi,InoxGenesisMallBhiwadi,Hindi,13:55,RoyaleRecliner,200₹,8,0
Rajasthan,Bhiwadi,InoxGenesisMallBhiwadi,Hindi,13:55,Royale,140₹,31,0
Delhi,NewDelhi,FunCinemaTdiMallMotiNagar,Hindi,13:55,Normal,150₹,65,0
Delhi,NewDelhi,FunCinemaTdiMallMotiNagar,Hindi,13:55,Executive,160₹,52,0
Karnataka,Bengaluru,CinepolisNexusShantiniketanThigalarapalya,English,13:55,Premium,260₹,51,0
Karnataka,Bengaluru,CinepolisNexusShantiniketanThigalarapalya,English,13:55,Executive,240₹,121,2
Karnataka,Bengaluru,CinepolisNexusShantiniketanThigalarapalya,English,13:55,Normal,220₹,40,0
Maharashtra,Aurangabad,MohanNovaCinemazSarafaRoad,Hindi,14:00,Platinum,110₹,51,0
Maharashtra,Aurangabad,MohanNovaCinemazSarafaRoad,Hindi,14:00,Gold,110₹,54,0
Maharashtra,Aurangabad,MohanNovaCinemazSarafaRoad,Hindi,14:00,Silver,110₹,54,0
WestBengal,Kolkata,CarnivalSaltLake,English,14:00,Silver,99₹,216,0
WestBengal,Kolkata,CarnivalSaltLake,English,14:00,Gold,150₹,12,0
Telangana,Hyderabad,PvrInorbitCyberabad,English,14:00,Classic,150₹,170,19
Uttarakhand,Kotdwar,KayCinemasKotdwar,Hindi,14:00,Gold,200₹,60,18
Uttarakhand,Kotdwar,KayCinemasKotdwar,Hindi,14:00,Silver,160₹,88,0
Gujarat,Vadodara,CinepolisInorbitMallGorwa,English,14:00,Normal,150₹,24,0
Gujarat,Vadodara,CinepolisInorbitMallGorwa,English,14:00,Executive,150₹,81,4
Gujarat,Vadodara,CinepolisInorbitMallGorwa,English,14:00,Premium,150₹,29,4
Maharashtra,Mumbai,InoxMegaplexInorbitMall,English,14:00,Executive,260₹,56,0
Maharashtra,Mumbai,InoxMegaplexInorbitMall,English,14:00,Premiere,260₹,146,0
Maharashtra,Mumbai,InoxMegaplexInorbitMall,English,14:00,Silver,280₹,100,0
MadhyaPradesh,Indore,CarnivalMangalCityIndore,Hindi,14:00,Platinum,150₹,12,0
MadhyaPradesh,Indore,CarnivalMangalCityIndore,Hindi,14:00,Gold,110₹,327,0
MadhyaPradesh,Indore,CarnivalMangalCityIndore,Hindi,14:00,SilverOffline,110₹,77,0
UttarPradesh,Noida,PvrLogixCityCentreImaxNoida,English,14:05,Prime,310₹,315,0
UttarPradesh,Noida,PvrLogixCityCentreImaxNoida,English,14:05,Recliner,600₹,20,0
UttarPradesh,Ghaziabad,JamMultiplexShipraMallNowInox,English,14:05,Classic,150₹,127,0
UttarPradesh,Ghaziabad,JamMultiplexShipraMallNowInox,English,14:05,Executive,170₹,369,2
UttarPradesh,Ghaziabad,JamMultiplexShipraMallNowInox,English,14:05,Lounge,330₹,18,0
Karnataka,Bengaluru,Pvr4DxNexusFormerlyForumKoramangala,English,14:05,4DxClassic,300₹,84,9
Maharashtra,Mumbai,PvrIconInfinitiAndheriW,English,14:05,Classic,120₹,42,0
Maharashtra,Mumbai,PvrIconInfinitiAndheriW,English,14:05,Prime,150₹,126,2
Maharashtra,Mumbai,PvrIconInfinitiAndheriW,English,14:05,DboxPrime,250₹,32,2
Maharashtra,Mumbai,PvrIconInfinitiAndheriW,English,14:05,DboxRecliner,350₹,11,0
Gujarat,Bharuch,InoxShreeRangPalaceZadeshwarRoad,Hindi,14:05,Club,150₹,21,0
Gujarat,Bharuch,InoxShreeRangPalaceZadeshwarRoad,Hindi,14:05,Gold,140₹,151,0
Gujarat,Bharuch,InoxShreeRangPalaceZadeshwarRoad,Hindi,14:05,Silver,140₹,57,0
Chhattisgarh,Raipur,InoxAmbujaCityCentreMowa,Hindi,14:10,Club,80₹,132,0
Chhattisgarh,Raipur,InoxAmbujaCityCentreMowa,Hindi,14:10,Executive,80₹,28,0
Chhattisgarh,Raipur,InoxAmbujaCityCentreMowa,Hindi,14:10,RoyalRecliner,190₹,14,0
Chhattisgarh,Raipur,InoxAmbujaCityCentreMowa,Hindi,14:10,Royal,100₹,28,8
UttarPradesh,GreaterNoida,InoxMsxMallSwarnNagari,Hindi,14:10,Club,112₹,160,0
UttarPradesh,GreaterNoida,InoxMsxMallSwarnNagari,Hindi,14:10,RoyaleRecliner,200₹,21,0
UttarPradesh,GreaterNoida,InoxMsxMallSwarnNagari,Hindi,14:10,Royale,140₹,171,0
Maharashtra,Pune,CinepolisSeasonsMallHadapsar,Hindi,14:10,Normal,350₹,84,10
Jharkhand,Bokaro,PvrBokaro,Hindi,14:15,Classic,130₹,84,0
Jharkhand,Bokaro,PvrBokaro,Hindi,14:15,Prime,160₹,109,13
Gujarat,Ahmedabad,AppleMultiplexAhmedabad,Hindi,14:15,UpperSofa,150₹,11,0
Gujarat,Ahmedabad,AppleMultiplexAhmedabad,Hindi,14:15,Platinum,150₹,100,0
Gujarat,Ahmedabad,AppleMultiplexAhmedabad,Hindi,14:15,LowerSofa,150₹,10,0
Delhi,NewDelhi,InoxNehruPlace,English,14:15,Club,230₹,120,3
Delhi,NewDelhi,InoxNehruPlace,English,14:15,Executive,210₹,105,0
Delhi,NewDelhi,InoxNehruPlace,English,14:15,Royal,250₹,35,6
WestBengal,Asansol,CarnivalSentrumMallAsansol,Hindi,14:15,Premium,110₹,63,0
WestBengal,Asansol,CarnivalSentrumMallAsansol,Hindi,14:15,Silver,110₹,150,2
WestBengal,Asansol,CarnivalSentrumMallAsansol,Hindi,14:15,Gold,110₹,43,0
MadhyaPradesh,Gwalior,InoxDbMallRaceCourseRoad,English,14:20,Club,200₹,55,0
MadhyaPradesh,Gwalior,InoxDbMallRaceCourseRoad,English,14:20,Executive,170₹,22,0
MadhyaPradesh,Gwalior,InoxDbMallRaceCourseRoad,English,14:20,Royale,210₹,58,0
Telangana,Hyderabad,InoxGvkOneBanjaraHills,English,14:20,Executive,150₹,157,4
Telangana,Hyderabad,InoxGvkOneBanjaraHills,English,14:20,Royal,250₹,11,0
Maharashtra,Pune,PvrCityOneMallPimpri,Hindi,14:20,Classic,90₹,26,0
Maharashtra,Pune,PvrCityOneMallPimpri,Hindi,14:20,Prime,110₹,98,0
Delhi,NewDelhi,PvrSelectCityWalkImaxLaserSaket,English,14:20,LoungerNormal,250₹,11,2
Delhi,NewDelhi,PvrSelectCityWalkImaxLaserSaket,English,14:20,ClassicNormal,200₹,132,4
Delhi,NewDelhi,PvrSelectCityWalkImaxLaserSaket,English,14:20,Prime,250₹,139,2
Delhi,NewDelhi,PvrSelectCityWalkImaxLaserSaket,English,14:20,ReclinersNormal,600₹,17,1
Delhi,NewDelhi,CinepolisV3SMallLaxmiNagar,Hindi,14:25,Normal,202₹,84,3
Delhi,NewDelhi,CinepolisV3SMallLaxmiNagar,Hindi,14:25,Executive,210₹,98,2
AndhraPradesh,Kurnool,InoxJyotiMallKurnool,English,14:25,Executive,177₹,358,0
Delhi,NewDelhi,PvrPromenadeVasantKunj,English,14:25,Classic,270₹,117,8
Delhi,NewDelhi,PvrPromenadeVasantKunj,English,14:25,Prime,300₹,12,4
Maharashtra,Mumbai,MovieMaxMiraRoadMumbai,English,14:30,Recliner,300₹,16,0
Maharashtra,Mumbai,MovieMaxMiraRoadMumbai,English,14:30,PrimePlus,200₹,10,0
Maharashtra,Mumbai,MovieMaxMiraRoadMumbai,English,14:30,Classic,130₹,40,0
Maharashtra,Mumbai,MovieMaxMiraRoadMumbai,English,14:30,Prime,130₹,180,0
Delhi,NewDelhi,CinepolisV3SMallLaxmiNagar,Hindi,14:30,Normal,202₹,84,0
Delhi,NewDelhi,CinepolisV3SMallLaxmiNagar,Hindi,14:30,Executive,210₹,98,0
UttarPradesh,Lucknow,CinepolisOneAwadhCenterMallGomtiNagar,Hindi,14:30,Normal,130₹,29,0
UttarPradesh,Lucknow,CinepolisOneAwadhCenterMallGomtiNagar,Hindi,14:30,Executive,130₹,78,0
UttarPradesh,Lucknow,CinepolisOneAwadhCenterMallGomtiNagar,Hindi,14:30,Premium,130₹,54,9
UttarPradesh,Lucknow,CinepolisOneAwadhCenterMallGomtiNagar,Hindi,14:30,Vip,450₹,19,0
Chhattisgarh,DalliRajhara,MathurCineplexDalliRajhara,Hindi,14:30,Gold,130₹,130,114
Chhattisgarh,DalliRajhara,MathurCineplexDalliRajhara,Hindi,14:30,Silver,100₹,102,85
Kerala,Anaikatti,CityCinema2KACAnaikatti,Tamil,14:30,Premium,100₹,236,0
WestBengal,Kolkata,InoxForumMallElginRoad,English,14:30,DressCircle,170₹,108,2
WestBengal,Kolkata,InoxForumMallElginRoad,English,14:30,Galleria,170₹,36,0
WestBengal,Kolkata,InoxForumMallElginRoad,English,14:30,Royal,170₹,34,2
Maharashtra,Mumbai,PvrCitiMallAndheriW,English,14:30,Classic,110₹,46,2
Maharashtra,Mumbai,PvrCitiMallAndheriW,English,14:30,Recliner,300₹,24,2
Maharashtra,Mumbai,PvrCitiMallAndheriW,English,14:30,Prime,140₹,146,22
Rajasthan,Jodhpur,InoxAnsalRoyalPlazaJodhpur,Hindi,14:31,Club,150₹,102,0
Rajasthan,Jodhpur,InoxAnsalRoyalPlazaJodhpur,Hindi,14:31,Executive,112₹,43,0
Rajasthan,Jodhpur,InoxAnsalRoyalPlazaJodhpur,Hindi,14:31,Royale,160₹,17,0
WestBengal,Darjeeling,InoxRinkMallLadenLaRoad,English,14:35,Economy,112₹,82,0
WestBengal,Darjeeling,InoxRinkMallLadenLaRoad,English,14:35,Executive,112₹,16,0
Karnataka,Mangalore,CineGalaxySurathkalMangalore,English,14:40,Club,236₹,5,4
Karnataka,Mangalore,CineGalaxySurathkalMangalore,English,14:40,Gold,150₹,18,0
Karnataka,Mangalore,CineGalaxySurathkalMangalore,English,14:40,Prime,150₹,90,0
Karnataka,Mangalore,CineGalaxySurathkalMangalore,English,14:40,Classic,150₹,52,0
WestBengal,Kolkata,AjantaCinemaBehala,Hindi,14:40,Balcony,150₹,213,152
WestBengal,Kolkata,AjantaCinemaBehala,Hindi,14:40,Recliner,250₹,13,13
Maharashtra,Mumbai,PvrIconOberoiGoregaonE,English,14:40,Classic,120₹,22,0
Maharashtra,Mumbai,PvrIconOberoiGoregaonE,English,14:40,Prime,140₹,96,19
Maharashtra,Mumbai,PvrIconOberoiGoregaonE,English,14:40,Recliner,280₹,26,0
Uttarakhand,Dehradun,MovieLoungeCrossroadsMallOldSurveyRoad,Hindi,14:50,Executive,300₹,5,1
Uttarakhand,Dehradun,MovieLoungeCrossroadsMallOldSurveyRoad,Hindi,14:50,Prime,150₹,68,0
Uttarakhand,Dehradun,MovieLoungeCrossroadsMallOldSurveyRoad,Hindi,14:50,Normal,112₹,26,0
UttarPradesh,GreaterNoida,UsCinemasEuropaLuxGalaxyBlueSapphire,English,14:50,LuxPlus,170₹,143,0
UttarPradesh,GreaterNoida,UsCinemasEuropaLuxGalaxyBlueSapphire,English,14:50,Lux,140₹,80,0
UttarPradesh,Ghaziabad,PvrMahagunVaishali,English,14:50,Classic,170₹,159,6
UttarPradesh,Ghaziabad,PvrMahagunVaishali,English,14:50,Recliner,280₹,10,6
UttarPradesh,Lucknow,InoxRiversideMallGomtiNagar,Hindi,14:50,Club,80₹,93,5
UttarPradesh,Lucknow,InoxRiversideMallGomtiNagar,Hindi,14:50,Executive,80₹,20,0
MadhyaPradesh,Indore,InoxC21MallSheetalNagar,English,14:50,Cl,250₹,30,0
MadhyaPradesh,Indore,InoxC21MallSheetalNagar,English,14:50,Ry,250₹,52,0
Maharashtra,Pune,PvrIconPavillionMallShivajinagar,English,14:50,Classic,150₹,28,0
Maharashtra,Pune,PvrIconPavillionMallShivajinagar,English,14:50,Prime,170₹,134,6
Maharashtra,Pune,PvrIconPavillionMallShivajinagar,English,14:50,Recliner,280₹,8,0
WestBengal,Kolkata,CinepolisAcropolisMallRajdangaRoad,English,14:50,Normal,130₹,42,0
WestBengal,Kolkata,CinepolisAcropolisMallRajdangaRoad,English,14:50,Executive,150₹,135,0
WestBengal,Kolkata,CinepolisAcropolisMallRajdangaRoad,English,14:50,Premium,170₹,42,1
Haryana,Gurgaon,InoxGurgaonArdeeMall,English,14:55,Insignia,450₹,25,25
Maharashtra,Mumbai,CarnivalImaxWadala,English,14:55,PlatinumOffline,170₹,212,0
Maharashtra,Mumbai,CarnivalImaxWadala,English,14:55,PremiumOffline,220₹,95,2
Delhi,NewDelhi,PvrVegas4DxDwarka,Hindi,15:00,Prime,380₹,24,0
Delhi,NewDelhi,PvrVegas4DxDwarka,Hindi,15:00,Classic,350₹,72,5
Chhattisgarh,Jagdalpur,JhankarCinemaJagdalpur,Hindi,15:00,Balcony,70₹,10,0
Gujarat,KalolPanchmahal,FunCinemasCinemaCityKalol,Hindi,15:00,City,140₹,100,0
MadhyaPradesh,Hoshangabad,MeenakshiMultiplexHoshangabad,Hindi,15:00,Platinum,200₹,19,0
MadhyaPradesh,Hoshangabad,MeenakshiMultiplexHoshangabad,Hindi,15:00,Gold,150₹,149,109
Gujarat,Jamnagar,InoxCrystalMallJamnagar,Hindi,15:00,Club,140₹,116,0
Gujarat,Jamnagar,InoxCrystalMallJamnagar,Hindi,15:00,Executive,140₹,20,0
Gujarat,Jamnagar,InoxCrystalMallJamnagar,Hindi,15:00,Royal,160₹,34,2
Uttarakhand,Haldwani,LaxmiCineplexHaldwani,Hindi,15:00,Diamond,250₹,20,15
Uttarakhand,Haldwani,LaxmiCineplexHaldwani,Hindi,15:00,Gold,150₹,85,66
Uttarakhand,Haldwani,LaxmiCineplexHaldwani,Hindi,15:00,Silver,120₹,35,24
Karnataka,Mudhol,SuryavanshiMultiplexRocklineCinemas,Hindi,15:00,GoldClass,150₹,154,36
Gujarat,Surat,BajrangCinemaVedRoad,Hindi,15:00,Prime,150₹,134,115
Maharashtra,Mumbai,MovieTimeHubMallGoregaonE,Hindi,15:00,Gold,130₹,63,11
Haryana,Chandigarh,Pvr4DxElanteChandigarh,English,15:00,Classic,400₹,92,10
Telangana,Hyderabad,MirajShaliniShivaniCinemasKothapet,English,15:00,Executive,150₹,94,0
Maharashtra,Mumbai,MetroInoxCinemaMGRoad,English,15:05,Insignia,600₹,42,0
Haryana,Gurgaon,InoxGurgaonArdeeMall,English,15:10,Insignia,650₹,25,0
Delhi,NewDelhi,MovieTimePitampura,Hindi,15:10,Platinum,100₹,242,26
Delhi,NewDelhi,MovieTimePitampura,Hindi,15:10,Premier,100₹,51,0
Maharashtra,Chandrapur,RadhakrishnaTalkies,Hindi,15:15,Gold,100₹,608,0
Maharashtra,Chandrapur,RadhakrishnaTalkies,Hindi,15:15,Platinum,150₹,316,0
Maharashtra,Chandrapur,RadhakrishnaTalkies,Hindi,15:15,Gold,100₹,608,0
MadhyaPradesh,Bhopal,RajCinemaBhopal,Hindi,15:15,Diamond,110₹,220,139
MadhyaPradesh,Bhopal,RajCinemaBhopal,Hindi,15:15,Silver,80₹,128,128
Gujarat,Vapi,EmpressMultiplexEmpressMall,Hindi,15:15,Platinum,170₹,89,0
Gujarat,Vapi,EmpressMultiplexEmpressMall,Hindi,15:15,Gold,170₹,63,0
Gujarat,Vapi,EmpressMultiplexEmpressMall,Hindi,15:15,Silver,170₹,55,0
Chhattisgarh,Raigarh,GalaxyCinemasDolbyAtmos,Hindi,15:15,Recliner,400₹,14,0
Chhattisgarh,Raigarh,GalaxyCinemasDolbyAtmos,Hindi,15:15,Premium,200₹,81,0
Chhattisgarh,Raigarh,GalaxyCinemasDolbyAtmos,Hindi,15:15,Executive,150₹,39,0
MadhyaPradesh,Gadarwara,AlkaTalkiesGadarwara,Hindi,15:15,Vip,100₹,6,0
MadhyaPradesh,Gadarwara,AlkaTalkiesGadarwara,Hindi,15:15,Balcony,90₹,15,0
MadhyaPradesh,Gadarwara,AlkaTalkiesGadarwara,Hindi,15:15,Deluxe,60₹,15,0
Rajasthan,Kishangarh,TheCrystalParkCinemaAjmerRoad,Hindi,15:15,CoupleBoxR,300₹,6,6
Rajasthan,Kishangarh,TheCrystalParkCinemaAjmerRoad,Hindi,15:15,CoupleBox,250₹,6,6
Rajasthan,Kishangarh,TheCrystalParkCinemaAjmerRoad,Hindi,15:15,RoyalBox,350₹,5,5
Rajasthan,Kishangarh,TheCrystalParkCinemaAjmerRoad,Hindi,15:15,FamilyBox,250₹,24,0
Rajasthan,Kishangarh,TheCrystalParkCinemaAjmerRoad,Hindi,15:15,Gold,150₹,111,0
UttarPradesh,Noida,CarnivalTgipNoida,English,15:15,Recliner,580₹,24,0
UttarPradesh,Noida,CarnivalTgipNoida,English,15:15,Sofa,380₹,80,0
Maharashtra,Pune,CinepolisSeasonsMallHadapsar,English,15:20,Normal,150₹,29,0
Maharashtra,Pune,CinepolisSeasonsMallHadapsar,English,15:20,Executive,150₹,83,4
Maharashtra,Pune,CinepolisSeasonsMallHadapsar,English,15:20,Premium,170₹,35,0
Maharashtra,Aurangabad,InoxProzoneMallChilkalthana,English,15:25,Club,180₹,104,0
Maharashtra,Aurangabad,InoxProzoneMallChilkalthana,English,15:25,Executive,160₹,32,0
Maharashtra,Aurangabad,InoxProzoneMallChilkalthana,English,15:25,Royale,200₹,74,0
Rajasthan,Jaipur,KohinoorCinemaSanganerDolbyAtmos,Hindi,15:30,DressCircle,100₹,224,2
Rajasthan,Jaipur,KohinoorCinemaSanganerDolbyAtmos,Hindi,15:30,Nobel,110₹,306,0
Rajasthan,Jaipur,KohinoorCinemaSanganerDolbyAtmos,Hindi,15:30,Box,160₹,32,2
Rajasthan,Jaipur,KohinoorCinemaSanganerDolbyAtmos,Hindi,15:30,RoyalBox,180₹,22,0
UttarPradesh,Faizabad,ParadiseDdPlex,Hindi,15:30,Diamond,200₹,18,0
UttarPradesh,Faizabad,ParadiseDdPlex,Hindi,15:30,Gold,150₹,108,0
UttarPradesh,Muzaffarnagar,MayaMultiplexRampuri,Hindi,15:30,Platinum,150₹,51,0
UttarPradesh,Muzaffarnagar,MayaMultiplexRampuri,Hindi,15:30,Gold,120₹,72,0
UttarPradesh,Muzaffarnagar,MayaMultiplexRampuri,Hindi,15:30,Silver,100₹,48,0
Punjab,Zirakpur,InoxDhillonPlazaZirakpur,Hindi,15:30,Club,140₹,109,0
Punjab,Zirakpur,InoxDhillonPlazaZirakpur,Hindi,15:30,Executive,112₹,78,0
Punjab,Zirakpur,InoxDhillonPlazaZirakpur,Hindi,15:30,RoyalRecliner,280₹,12,0
Punjab,Zirakpur,InoxDhillonPlazaZirakpur,Hindi,15:30,Royal,150₹,48,2
Jharkhand,Ranchi,EylexHinooRanchi,Hindi,15:30,Cl,120₹,22,0
Jharkhand,Ranchi,EylexHinooRanchi,Hindi,15:30,Gl,120₹,48,0
Jharkhand,Ranchi,EylexHinooRanchi,Hindi,15:30,Pl,120₹,87,0
Jharkhand,Ranchi,EylexHinooRanchi,Hindi,15:30,Bx,120₹,11,2
Haryana,Gurgaon,PvrSaharaMallGurgaon,Hindi,15:30,Classic,150₹,144,2
Haryana,Gurgaon,PvrSaharaMallGurgaon,Hindi,15:30,Prime,180₹,64,0
Maharashtra,Washim,H2MMovieplexPatniCommercial,Hindi,15:30,Gl,160₹,96,0
Maharashtra,Washim,H2MMovieplexPatniCommercial,Hindi,15:30,Pl,190₹,60,0
Maharashtra,Washim,H2MMovieplexPatniCommercial,Hindi,15:30,Sf,220₹,21,0
Maharashtra,Washim,H2MMovieplexPatniCommercial,Hindi,15:30,Sl,110₹,52,0
Bihar,Sasaram,SahuCinemax,Hindi,15:30,GoldPrime,250₹,23,13
Bihar,Sasaram,SahuCinemax,Hindi,15:30,Gold,180₹,186,24
Delhi,NewDelhi,CinepolisDlfAvenueSaket,English,15:35,Normal,350₹,96,2
Gujarat,Surat,InoxVrSuratDumasRoad,English,15:35,Executive,140₹,34,0
Gujarat,Surat,InoxVrSuratDumasRoad,English,15:35,Royal,170₹,54,3
Gujarat,Surat,InoxVrSuratDumasRoad,English,15:35,RoyalRecliner,330₹,12,0
Gujarat,Surat,InoxVrSuratDumasRoad,English,15:35,Club,150₹,102,0
Punjab,Amritsar,InoxVrAmbarsarCircularRoad,Hindi,15:35,Normal,150₹,253,0
TamilNadu,Chennai,PvrVrMallAnnaNagar,Tamil,15:40,Classic,60₹,11,11
TamilNadu,Chennai,PvrVrMallAnnaNagar,Tamil,15:40,Prime,179₹,102,24
Bihar,Muzaffarpur,CineGalaxyMotijheelMuzaffarpur,Hindi,15:40,Deluxe,300₹,12,0
Bihar,Muzaffarpur,CineGalaxyMotijheelMuzaffarpur,Hindi,15:40,Executive,250₹,20,0
Bihar,Muzaffarpur,CineGalaxyMotijheelMuzaffarpur,Hindi,15:40,Gold,160₹,159,0
Rajasthan,Nathdwara,MirajMeridianMallNathuwas,Hindi,15:45,Silver,140₹,55,0
Rajasthan,Nathdwara,MirajMeridianMallNathuwas,Hindi,15:45,Gold,140₹,95,0
MadhyaPradesh,Neemuch,MirajCinemasNeemuch,Hindi,15:45,Deluxe,110₹,33,0
MadhyaPradesh,Neemuch,MirajCinemasNeemuch,Hindi,15:45,Premium,110₹,89,7
MadhyaPradesh,Bhopal,InoxCapitalMallHoshangabadRoad,Hindi,15:45,Club,130₹,185,0
MadhyaPradesh,Bhopal,InoxCapitalMallHoshangabadRoad,Hindi,15:45,Executive,130₹,30,0
MadhyaPradesh,Bhopal,InoxCapitalMallHoshangabadRoad,Hindi,15:45,Royal,130₹,55,0
UttarPradesh,Agra,SanjayTalkiesAgra,Hindi,15:45,Gold,130₹,388,118
UttarPradesh,Agra,SanjayTalkiesAgra,Hindi,15:45,Silver,80₹,300,0
UttarPradesh,Agra,SanjayTalkiesAgra,Hindi,15:45,DC,40₹,238,0
UttarPradesh,Ghaziabad,MovieMagicLoni,Hindi,15:45,Diamond,110₹,154,132
UttarPradesh,Ghaziabad,MovieMagicLoni,Hindi,15:45,Gold,110₹,88,66
AndhraPradesh,Vijayawada,CinepolisPvpSquareVijayawada,English,15:45,Normal,177₹,138,6
Rajasthan,Sikar,MirajCinemasSikar,Hindi,15:45,Silver,110₹,28,0
Rajasthan,Sikar,MirajCinemasSikar,Hindi,15:45,Gold,130₹,190,0
Rajasthan,Sikar,MirajCinemasSikar,Hindi,15:45,Platinum,150₹,33,0
UttarPradesh,Noida,MovieTimeDharamPalaceMallNoida,Hindi,15:50,Premium,100₹,175,1
UttarPradesh,Aligarh,DdCinemasVadraCinemaAligarh,Hindi,15:50,ClubRecliner,400₹,11,0
UttarPradesh,Aligarh,DdCinemasVadraCinemaAligarh,Hindi,15:50,PremierRocker,180₹,204,0
MadhyaPradesh,Bhopal,CinepolisAashimaMallBawadiyaKalan,Hindi,15:50,Normal,150₹,30,0
MadhyaPradesh,Bhopal,CinepolisAashimaMallBawadiyaKalan,Hindi,15:50,Executive,150₹,77,0
MadhyaPradesh,Bhopal,CinepolisAashimaMallBawadiyaKalan,Hindi,15:50,Premium,150₹,71,0
Kerala,Kochi,Pvr4DxLuluKochi,English,15:50,Classic,300₹,116,19
MadhyaPradesh,Indore,Pvr4DxTreasureIslandIndore,English,15:50,4DxPrime,300₹,60,18
MadhyaPradesh,Indore,Pvr4DxTreasureIslandIndore,English,15:50,4DxClassic,300₹,48,0
Rajasthan,Kota,FunCinemaCityMallKota,Hindi,15:55,Executive,140₹,94,7
Rajasthan,Kota,FunCinemaCityMallKota,Hindi,15:55,Normal,130₹,60,0
Karnataka,Bengaluru,PvrVaishnaviSapphireMallYashwantpur,English,15:55,Classic,112₹,85,0
Karnataka,Bengaluru,PvrVaishnaviSapphireMallYashwantpur,English,15:55,Prime,140₹,20,4
Karnataka,Bengaluru,PvrVaishnaviSapphireMallYashwantpur,English,15:55,Recliner,230₹,13,4
Goa,Goa,InoxOsiaAWingMargao,English,16:00,Club,170₹,46,0
Goa,Goa,InoxOsiaAWingMargao,English,16:00,Executive,150₹,29,0
Goa,Goa,InoxOsiaAWingMargao,English,16:00,RoyalRecliner,250₹,25,3
Goa,Goa,InoxOsiaAWingMargao,English,16:00,Royal,190₹,44,0
Karnataka,Bengaluru,CinepolisNexusShantiniketanThigalarapalya,English,16:00,Normal,300₹,79,0
UttarPradesh,Kanpur,InoxZSquareMallBadaChauraha,Hindi,16:00,RoyalRecliner,550₹,64,0
UttarPradesh,Kanpur,PvrSouthXMallAtKanpurUp,Hindi,16:00,Recliner,240₹,13,3
UttarPradesh,Kanpur,PvrSouthXMallAtKanpurUp,Hindi,16:00,Prime,150₹,181,6
UttarPradesh,Kanpur,PvrSouthXMallAtKanpurUp,Hindi,16:00,Classic,120₹,38,0
Karnataka,Bengaluru,PvrPhoenixMarketcityMall4DxWhitefieldRoad,English,16:00,Classic,280₹,88,5
MadhyaPradesh,Burhanpur,AnkitaMultiplexBalajiNagar,Hindi,16:00,Recliner,300₹,58,47
MadhyaPradesh,Burhanpur,AnkitaMultiplexBalajiNagar,Hindi,16:00,Vip,200₹,58,30
MadhyaPradesh,Burhanpur,AnkitaMultiplexBalajiNagar,Hindi,16:00,Gold,150₹,85,11
MadhyaPradesh,Burhanpur,AnkitaMultiplexBalajiNagar,Hindi,16:00,Silver,100₹,30,15
MadhyaPradesh,Burhanpur,AnkitaMultiplexBalajiNagar,Hindi,16:00,Lounger,150₹,12,0
Gujarat,Bhavnagar,Top3MultiplexBhavnagar,Hindi,16:00,Sofa,200₹,15,0
Gujarat,Bhavnagar,Top3MultiplexBhavnagar,Hindi,16:00,Gold,150₹,123,0
Gujarat,Bhavnagar,Top3MultiplexBhavnagar,Hindi,16:00,Silver,120₹,137,0
Gujarat,Veraval,FunCinemaPhoenixCinemas,Hindi,16:00,Executive,140₹,15,0
Gujarat,Veraval,FunCinemaPhoenixCinemas,Hindi,16:00,Gold,140₹,88,0
Gujarat,Veraval,FunCinemaPhoenixCinemas,Hindi,16:00,Silver,140₹,22,0
UttarPradesh,Meerut,NySatyamCinemas,Hindi,16:00,Ex,110₹,56,0
UttarPradesh,Meerut,NySatyamCinemas,Hindi,16:00,Nl,110₹,28,0
UttarPradesh,Meerut,NySatyamCinemas,Hindi,16:00,Pl,110₹,108,0
TamilNadu,Coimbatore,InoxProzoneMallSathyRoad,Tamil,16:05,Club,190₹,134,0
TamilNadu,Coimbatore,InoxProzoneMallSathyRoad,Tamil,16:05,Executive,60₹,22,1
Haryana,Ambala,FunCinemaGalaxyMallAmbala,Hindi,16:05,Normal,190₹,81,0
Haryana,Ambala,FunCinemaGalaxyMallAmbala,Hindi,16:05,Executive,200₹,215,0
Karnataka,Bengaluru,PvrMsrElementsMallTanisandhraMainRoad,English,16:05,Classic,150₹,146,4
Karnataka,Bengaluru,PvrMsrElementsMallTanisandhraMainRoad,English,16:05,Prime,170₹,21,0
Karnataka,Bengaluru,PvrMsrElementsMallTanisandhraMainRoad,English,16:05,Recliner,250₹,15,0
Assam,Guwahati,CinepolisCentralMallGuwahati,Hindi,16:05,Normal,150₹,26,0
Assam,Guwahati,CinepolisCentralMallGuwahati,Hindi,16:05,Executive,150₹,124,0
Assam,Guwahati,CinepolisCentralMallGuwahati,Hindi,16:05,Premium,150₹,41,0
Assam,Guwahati,CinepolisCentralMallGuwahati,Hindi,16:05,Vip,300₹,8,0
MadhyaPradesh,Ujjain,PvrTreasureBazaarMallUjjain,Hindi,16:05,Prime,130₹,122,36
MadhyaPradesh,Ujjain,PvrTreasureBazaarMallUjjain,Hindi,16:05,ClassicPlus,130₹,33,0
MadhyaPradesh,Ujjain,PvrTreasureBazaarMallUjjain,Hindi,16:05,Classic,130₹,33,0
Jharkhand,Ranchi,PvrNucleusMallRanchi,Hindi,16:10,Classic,175₹,28,0
Jharkhand,Ranchi,PvrNucleusMallRanchi,Hindi,16:10,Prime,230₹,57,0
Jharkhand,Ranchi,PvrNucleusMallRanchi,Hindi,16:10,PrimePlus,280₹,15,3
Jharkhand,Ranchi,PvrNucleusMallRanchi,Hindi,16:10,ClassicPlus,195₹,98,0
WestBengal,Siliguri,CarnivalCinemaSiliguri,English,16:10,Special,110₹,42,0
WestBengal,Siliguri,CarnivalCinemaSiliguri,English,16:10,Executive,110₹,197,0
WestBengal,Siliguri,CarnivalCinemaSiliguri,English,16:10,Gold,160₹,46,0
UttarPradesh,Lucknow,InoxMegaplexPhoenixPalassioMallLucknow,English,16:10,Club,220₹,228,0
UttarPradesh,Lucknow,InoxMegaplexPhoenixPalassioMallLucknow,English,16:10,Executive,180₹,42,0
UttarPradesh,Lucknow,InoxMegaplexPhoenixPalassioMallLucknow,English,16:10,Royale,240₹,37,4
Haryana,Gurgaon,PvrImaxAmbienceGurgaon,English,16:10,ClassicImax,200₹,165,4
Haryana,Gurgaon,PvrImaxAmbienceGurgaon,English,16:10,PrimeImax,250₹,113,1
Haryana,Gurgaon,PvrImaxAmbienceGurgaon,English,16:10,Lounger,250₹,9,2
Telangana,Hyderabad,CinepolisCcplMallMalkajgiri,English,16:15,Executive,150₹,126,2
Karnataka,Mangalore,CinepolisCityCentreMallMangaluru,English,16:15,Normal,150₹,28,0
Karnataka,Mangalore,CinepolisCityCentreMallMangaluru,English,16:15,Executive,150₹,132,0
Karnataka,Mangalore,CinepolisCityCentreMallMangaluru,English,16:15,Premium,150₹,57,3
Karnataka,Bengaluru,PvrPepsiKotakImaxNexusFormerlyForumKoramangala,English,16:15,Classic,190₹,227,4
Karnataka,Bengaluru,PvrPepsiKotakImaxNexusFormerlyForumKoramangala,English,16:15,Prime,220₹,105,11
UttarPradesh,Ghaziabad,RrCinemaJaipuriaMall,Hindi,16:15,PremiumSofa,250₹,21,0
UttarPradesh,Ghaziabad,RrCinemaJaipuriaMall,Hindi,16:15,Gold,140₹,240,0
UttarPradesh,Ghaziabad,RrCinemaJaipuriaMall,Hindi,16:15,Silver,110₹,100,0
Chhattisgarh,Raipur,PvrMagnetoTheMallRaipur,Hindi,16:20,Classic,120₹,38,0
Chhattisgarh,Raipur,PvrMagnetoTheMallRaipur,Hindi,16:20,Prime,130₹,192,22
Chhattisgarh,Raipur,PvrMagnetoTheMallRaipur,Hindi,16:20,Recliner,300₹,22,0
Maharashtra,Mumbai,PvrInfinitiMalad4DxMumbai,English,16:20,4DxPrime,240₹,52,26
Maharashtra,Mumbai,PvrInfinitiMalad4DxMumbai,English,16:20,4DxClassic,220₹,24,0
Haryana,Chandigarh,FunCinemasRepublicMallChandigarh,Hindi,16:20,Normal,130₹,66,0
Haryana,Chandigarh,FunCinemasRepublicMallChandigarh,Hindi,16:20,Executive,140₹,149,0
Maharashtra,Mumbai,PvrXperiaPalavaDombivaliE,Hindi,16:20,Classic,180₹,36,0
Maharashtra,Mumbai,PvrXperiaPalavaDombivaliE,Hindi,16:20,Prime,200₹,108,0
Maharashtra,Mumbai,PvrXperiaPalavaDombivaliE,Hindi,16:20,Recliner,290₹,12,0
Gujarat,Ahmedabad,PvrAcropolisMall4DxThaltej,English,16:20,4DxPrime,350₹,80,15
Gujarat,Ahmedabad,PvrAcropolisMall4DxThaltej,English,16:20,4DxClassic,350₹,36,0
Punjab,Ludhiana,PvrPavilionMallLudhiana,Hindi,16:25,Classic,160₹,64,0
Rajasthan,Bhiwadi,InoxGenesisMallBhiwadi,Hindi,16:25,Club,130₹,97,0
Rajasthan,Bhiwadi,InoxGenesisMallBhiwadi,Hindi,16:25,Executive,112₹,39,0
Rajasthan,Bhiwadi,InoxGenesisMallBhiwadi,Hindi,16:25,RoyaleRecliner,200₹,8,0
Rajasthan,Bhiwadi,InoxGenesisMallBhiwadi,Hindi,16:25,Royale,140₹,31,0
WestBengal,Kolkata,CarnivalSaltLake,English,16:25,Silver,99₹,216,0
WestBengal,Kolkata,CarnivalSaltLake,English,16:25,Gold,150₹,12,0
UttarPradesh,Mughalsarai,IpCinemasIpMughalMultiplexMughalsarai,Hindi,16:30,Diamond,250₹,5,0
UttarPradesh,Mughalsarai,IpCinemasIpMughalMultiplexMughalsarai,Hindi,16:30,Gold,200₹,194,0
UttarPradesh,Mughalsarai,IpCinemasIpMughalMultiplexMughalsarai,Hindi,16:30,Silver,150₹,105,0
Maharashtra,Mumbai,CinepolisNexusSeawoodsNaviMumbai,English,16:30,Normal,220₹,53,0
Maharashtra,Mumbai,CinepolisNexusSeawoodsNaviMumbai,English,16:30,Executive,240₹,103,12
Maharashtra,Mumbai,CinepolisNexusSeawoodsNaviMumbai,English,16:30,Premium,260₹,71,6
Telangana,Hyderabad,InoxMaheshwariParmeshwariMallKachiguda,English,16:30,Executive,150₹,127,0
UttarPradesh,Gorakhpur,InoxCityMallGorakhpur,Hindi,16:30,Club,180₹,127,0
UttarPradesh,Gorakhpur,InoxCityMallGorakhpur,Hindi,16:30,Executive,150₹,52,0
UttarPradesh,Gorakhpur,InoxCityMallGorakhpur,Hindi,16:30,RoyalRecliner,390₹,7,2
Karnataka,Bengaluru,InoxGarudaMallMagrathRoad,English,16:30,Club,200₹,78,6
Karnataka,Bengaluru,InoxGarudaMallMagrathRoad,English,16:30,Executive,180₹,115,0
Karnataka,Bengaluru,InoxGarudaMallMagrathRoad,English,16:30,RoyaleRecliners,350₹,8,0
Karnataka,Bengaluru,PvrVrImaxWhitefieldRoad,English,16:30,Classic,170₹,184,0
Karnataka,Bengaluru,PvrVrImaxWhitefieldRoad,English,16:30,Prime,200₹,64,0
Maharashtra,Mumbai,PvrIconPhoenixPalladiumLowerParelMumbai,English,16:30,Lounger,210₹,14,0
Maharashtra,Mumbai,PvrIconPhoenixPalladiumLowerParelMumbai,English,16:30,Classic,170₹,38,0
Maharashtra,Mumbai,PvrIconPhoenixPalladiumLowerParelMumbai,English,16:30,Prime,250₹,186,22
Maharashtra,Mumbai,PvrIconPhoenixPalladiumLowerParelMumbai,English,16:30,Recliner,450₹,14,4
Maharashtra,Pune,CarnivalPremierPlazaChinchwad,Hindi,16:30,PlatinumOffline,140₹,189,1
Maharashtra,Pune,CarnivalPremierPlazaChinchwad,Hindi,16:30,GoldOffline,120₹,84,0
Maharashtra,Pune,CarnivalPremierPlazaChinchwad,Hindi,16:30,SilverOffline,100₹,42,2
Maharashtra,Pune,CarnivalPremierPlazaChinchwad,Hindi,16:30,PremiumReclineOffline,220₹,19,1
Gujarat,Surat,InoxVrSuratDumasRoad,Hindi,16:30,Club,150₹,122,0
Gujarat,Surat,InoxVrSuratDumasRoad,Hindi,16:30,Executive,140₹,34,0
Gujarat,Surat,InoxVrSuratDumasRoad,Hindi,16:30,Royal,170₹,54,0
Gujarat,Surat,InoxVrSuratDumasRoad,Hindi,16:30,RoyalRecliner,330₹,12,0
AndhraPradesh,Vizag,InoxChitralayaaMallChitralayaa,English,16:34,Executive,177₹,149,8
Rajasthan,Udaipur,PvrCelebrationMallUdaipur,Hindi,16:35,Classic,110₹,48,0
Rajasthan,Udaipur,PvrCelebrationMallUdaipur,Hindi,16:35,Prime,130₹,201,4
Rajasthan,Udaipur,PvrCelebrationMallUdaipur,Hindi,16:35,PrimePlus,160₹,44,6
Rajasthan,Udaipur,PvrCelebrationMallUdaipur,Hindi,16:35,Recliner,250₹,12,4
Punjab,Ludhiana,SolitaireCinemasJmdGovardhanCityCenter,Hindi,16:35,VipClass,200₹,20,0
Punjab,Ludhiana,SolitaireCinemasJmdGovardhanCityCenter,Hindi,16:35,GoldClass,180₹,224,0
Punjab,Ludhiana,SolitaireCinemasJmdGovardhanCityCenter,Hindi,16:35,SilverClass,160₹,57,0
Delhi,NewDelhi,PvrVegasImaxDwarka,English,16:40,Prime,330₹,97,3
Delhi,NewDelhi,PvrVegasImaxDwarka,English,16:40,Classic,300₹,228,0
AndhraPradesh,Vizag,InoxCmrCentralGajuwaka,English,16:40,Executive,177₹,242,1
AndhraPradesh,Vizag,InoxCmrCentralGajuwaka,English,16:40,Royal,295₹,8,1
Haryana,Gurgaon,MovietimeCinemasCelebrationMallGurgaon,Hindi,16:40,Silver,100₹,44,0
Haryana,Gurgaon,MovietimeCinemasCelebrationMallGurgaon,Hindi,16:40,Gold,100₹,44,0
Haryana,Gurgaon,MovietimeCinemasCelebrationMallGurgaon,Hindi,16:40,Online,100₹,39,0
Haryana,Gurgaon,MovietimeCinemasCelebrationMallGurgaon,Hindi,16:40,Platinum,100₹,119,0
Haryana,Gurgaon,MovietimeCinemasCelebrationMallGurgaon,Hindi,16:40,Premier,100₹,21,0
Karnataka,Bengaluru,CinepolisNexusShantiniketanThigalarapalya,English,16:40,Premium,200₹,51,2
Karnataka,Bengaluru,CinepolisNexusShantiniketanThigalarapalya,English,16:40,Executive,200₹,121,6
Karnataka,Bengaluru,CinepolisNexusShantiniketanThigalarapalya,English,16:40,Normal,200₹,40,0
Kerala,Thrissur,InoxSobhaCityMallPuzhakkal,English,16:40,Club,170₹,256,0
Kerala,Thrissur,InoxSobhaCityMallPuzhakkal,English,16:40,Executive,130₹,36,0
Kerala,Thrissur,InoxSobhaCityMallPuzhakkal,English,16:40,RoyalRecliner,290₹,14,0
Kerala,Thrissur,InoxSobhaCityMallPuzhakkal,English,16:40,Royal,170₹,32,3
Haryana,Gurgaon,PvrMgfMall4DxGurgaon,English,16:40,Classic,300₹,96,4
Chhattisgarh,Bhilai,MirajCinemasBhilai,Hindi,16:45,Special,90₹,42,0
Chhattisgarh,Bhilai,MirajCinemasBhilai,Hindi,16:45,Executive,90₹,109,6
Gujarat,Anand,RajshivalayCinemasAnand,Hindi,16:45,RedLounge,340₹,26,0
Gujarat,Anand,RajshivalayCinemasAnand,Hindi,16:45,Platinum,140₹,133,0
Gujarat,Anand,RajshivalayCinemasAnand,Hindi,16:45,Gold,140₹,48,0
Maharashtra,Amravati,MirajCinemasTapadiaCityCentreMallAmravati,Hindi,16:45,Gold,150₹,129,0
Maharashtra,Amravati,MirajCinemasTapadiaCityCentreMallAmravati,Hindi,16:45,Silver,130₹,66,0
Gujarat,Vadodara,InoxRelianceMegaMallVadodara,Hindi,16:45,Gold,112₹,104,0
Gujarat,Vadodara,InoxRelianceMegaMallVadodara,Hindi,16:45,Platinum,140₹,29,0
Gujarat,Vadodara,InoxRelianceMegaMallVadodara,Hindi,16:45,RoyalRecliners,230₹,8,0
Gujarat,Vadodara,InoxRelianceMegaMallVadodara,Hindi,16:45,Silver,100₹,20,0
Maharashtra,Mumbai,InoxMegaplexInorbitMall,Hindi,16:45,Club,320₹,16,0
Maharashtra,Mumbai,InoxMegaplexInorbitMall,Hindi,16:45,Royal,320₹,60,3
WestBengal,Asansol,CarnivalSentrumMallAsansol,Hindi,16:45,Premium,110₹,63,0
WestBengal,Asansol,CarnivalSentrumMallAsansol,Hindi,16:45,Silver,110₹,150,2
WestBengal,Asansol,CarnivalSentrumMallAsansol,Hindi,16:45,Gold,110₹,43,1
UttarPradesh,Gorakhpur,PvrVenusGorakhpur,Hindi,16:50,Classic,112₹,39,0
UttarPradesh,Gorakhpur,PvrVenusGorakhpur,Hindi,16:50,Prime,170₹,29,9
UttarPradesh,Gorakhpur,PvrVenusGorakhpur,Hindi,16:50,ClassicPlus,150₹,69,0
Telangana,Hyderabad,PvrRkCineplexBanjaraHills,English,16:50,Classic,150₹,228,19
Telangana,Hyderabad,PvrRkCineplexBanjaraHills,English,16:50,Recliner,250₹,22,4
UttarPradesh,Noida,CinepolisModiMallFormerlySpiceMall,Hindi,16:50,Classic,170₹,171,0
UttarPradesh,Noida,CinepolisModiMallFormerlySpiceMall,Hindi,16:50,Premium,170₹,75,2
Maharashtra,Mumbai,InoxRCityGhatkoparW,English,16:50,Club,310₹,174,0
Maharashtra,Mumbai,InoxRCityGhatkoparW,English,16:50,Executive,290₹,59,0
Maharashtra,Mumbai,InoxRCityGhatkoparW,English,16:50,Royal,320₹,95,0
Gujarat,Vadodara,CinepolisInorbitMallGorwa,English,16:50,Premium,150₹,26,2
Gujarat,Vadodara,CinepolisInorbitMallGorwa,English,16:50,Executive,150₹,93,0
Gujarat,Vadodara,CinepolisInorbitMallGorwa,English,16:50,Normal,150₹,24,0
UttarPradesh,Noida,CarnivalTgipNoida,English,16:50,Gold,150₹,225,2
UttarPradesh,Noida,CarnivalTgipNoida,English,16:50,Recliner,400₹,12,8
Gujarat,Surat,InoxRelianceMegaMallUdhna,Hindi,16:55,Club,140₹,55,0
Gujarat,Surat,InoxRelianceMegaMallUdhna,Hindi,16:55,Executive,140₹,16,0
Gujarat,Surat,InoxRelianceMegaMallUdhna,Hindi,16:55,RoyalRecliner,280₹,8,0
Gujarat,Surat,InoxRelianceMegaMallUdhna,Hindi,16:55,Royal,160₹,38,0
UttarPradesh,Noida,PvrLogixCityCentreImaxNoida,English,16:55,Prime,310₹,288,2
UttarPradesh,Noida,PvrLogixCityCentreImaxNoida,English,16:55,Recliner,600₹,20,2
Gujarat,Surat,InoxRajImperialVarachhaRoad,Hindi,16:55,Gold,150₹,248,0
Gujarat,Surat,InoxRajImperialVarachhaRoad,Hindi,16:55,Imperial,330₹,11,0
Gujarat,Surat,InoxRajImperialVarachhaRoad,Hindi,16:55,Platinum,180₹,97,0
Gujarat,Surat,InoxRajImperialVarachhaRoad,Hindi,16:55,Silver,140₹,44,0
Gujarat,Ahmedabad,MirajCityPulseManiNagar,Hindi,16:55,Gold,150₹,66,0
Gujarat,Ahmedabad,AppleMultiplexAhmedabad,Hindi,17:00,UpperSofa,150₹,11,0
Gujarat,Ahmedabad,AppleMultiplexAhmedabad,Hindi,17:00,Platinum,150₹,100,0
Gujarat,Ahmedabad,AppleMultiplexAhmedabad,Hindi,17:00,LowerSofa,150₹,10,0
Gujarat,Anand,ShaanCinemaAvFortuneMall,Hindi,17:00,Recliner,350₹,13,0
Gujarat,Anand,ShaanCinemaAvFortuneMall,Hindi,17:00,Sofa,250₹,28,0
Gujarat,Anand,ShaanCinemaAvFortuneMall,Hindi,17:00,Platinum,80₹,66,0
Gujarat,Anand,ShaanCinemaAvFortuneMall,Hindi,17:00,Gold,80₹,45,0
Orissa,Bhubaneswar,CinepolisNexusEsplanadeBhubaneswar,English,17:00,Vip,400₹,9,0
Orissa,Bhubaneswar,CinepolisNexusEsplanadeBhubaneswar,English,17:00,Premium,160₹,44,4
Orissa,Bhubaneswar,CinepolisNexusEsplanadeBhubaneswar,English,17:00,Executive,150₹,52,0
Orissa,Bhubaneswar,CinepolisNexusEsplanadeBhubaneswar,English,17:00,Normal,140₹,23,0
UttarPradesh,GreaterNoida,UsCinemasEuropaLuxGalaxyBlueSapphire,Hindi,17:00,LuxPlus,170₹,143,0
UttarPradesh,GreaterNoida,UsCinemasEuropaLuxGalaxyBlueSapphire,Hindi,17:00,Lux,140₹,80,0
Rajasthan,Jodhpur,MirajCinemasAshapurnaMallAndMultiplex,Hindi,17:00,Silver,140₹,76,0
Rajasthan,Jodhpur,MirajCinemasAshapurnaMallAndMultiplex,Hindi,17:00,Gold,160₹,128,2
Rajasthan,Jodhpur,MirajCinemasAshapurnaMallAndMultiplex,Hindi,17:00,Platinum,300₹,17,0
Delhi,NewDelhi,InoxNehruPlace,English,17:00,Club,230₹,75,0
Delhi,NewDelhi,InoxNehruPlace,English,17:00,Executive,210₹,70,0
Delhi,NewDelhi,InoxNehruPlace,English,17:00,Royal,250₹,21,0
Delhi,NewDelhi,InoxNehruPlace,English,17:00,Club,330₹,75,0
Delhi,NewDelhi,InoxNehruPlace,English,17:00,Executive,310₹,70,0
Delhi,NewDelhi,InoxNehruPlace,English,17:00,Royal,350₹,21,0
WestBengal,Kolkata,InoxQuestMallBallygunge,English,17:00,Club,220₹,112,0
WestBengal,Kolkata,InoxQuestMallBallygunge,English,17:00,Executive,180₹,24,0
WestBengal,Kolkata,InoxQuestMallBallygunge,English,17:00,RoyalRecliner,390₹,8,2
WestBengal,Kolkata,InoxQuestMallBallygunge,English,17:00,Royal,230₹,28,3
MadhyaPradesh,Bhopal,CinepolisAashimaMallBawadiyaKalan,Hindi,17:00,Normal,150₹,30,0
MadhyaPradesh,Bhopal,CinepolisAashimaMallBawadiyaKalan,Hindi,17:00,Executive,150₹,102,0
MadhyaPradesh,Bhopal,CinepolisAashimaMallBawadiyaKalan,Hindi,17:00,Premium,150₹,73,0
WestBengal,Kolkata,PvrDiamondPlazaJassore,English,17:00,Classic,140₹,80,2
WestBengal,Kolkata,PvrDiamondPlazaJassore,English,17:00,Prime,200₹,11,0
WestBengal,Kolkata,PvrDiamondPlazaJassore,English,17:00,Recliner,360₹,12,4
Gujarat,Ahmedabad,MirajCinemasCinePrideKrishnaNagar,Hindi,17:00,Gold,140₹,27,0
Gujarat,Ahmedabad,MirajCinemasCinePrideKrishnaNagar,Hindi,17:00,Platinum,160₹,98,4
MadhyaPradesh,Singrauli,McmCineplexWaidhan,Hindi,17:00,Vip,280₹,33,8
MadhyaPradesh,Singrauli,McmCineplexWaidhan,Hindi,17:00,Platinum,220₹,90,12
MadhyaPradesh,Singrauli,McmCineplexWaidhan,Hindi,17:00,Gold,170₹,148,30
MadhyaPradesh,Singrauli,McmCineplexWaidhan,Hindi,17:00,Silver,110₹,45,0
Maharashtra,Pune,CinepolisNexusWestend,English,17:00,Normal,200₹,40,0
Maharashtra,Pune,CinepolisNexusWestend,English,17:00,Executive,200₹,162,2
Maharashtra,Pune,CinepolisNexusWestend,English,17:00,Premium,200₹,51,6
MadhyaPradesh,Indore,CarnivalMangalCityIndore,Hindi,17:00,Platinum,150₹,12,0
MadhyaPradesh,Indore,CarnivalMangalCityIndore,Hindi,17:00,Gold,110₹,327,2
MadhyaPradesh,Indore,CarnivalMangalCityIndore,Hindi,17:00,SilverOffline,110₹,77,0
Maharashtra,NaviMumbai,InoxRaghuleelaMallVashi,English,17:05,Executive,140₹,22,0
Maharashtra,NaviMumbai,InoxRaghuleelaMallVashi,English,17:05,Premier,150₹,85,0
Maharashtra,NaviMumbai,InoxRaghuleelaMallVashi,English,17:05,Silver,150₹,26,8
UttarPradesh,Ghaziabad,PvrEdmGhaziabad,Hindi,17:05,Classic,150₹,224,4
WestBengal,Kolkata,InoxMetroJawaharlalNehruRoad,Hindi,17:10,Club,140₹,138,0
WestBengal,Kolkata,InoxMetroJawaharlalNehruRoad,Hindi,17:10,Executive,140₹,38,0
WestBengal,Kolkata,InoxMetroJawaharlalNehruRoad,Hindi,17:10,Royal,140₹,48,3
AndhraPradesh,Kurnool,InoxJyotiMallKurnool,Telugu,17:10,Executive,177₹,358,0
UttarPradesh,Varanasi,IpCinemasIpSigraMallShastriNagar,Hindi,17:10,Recliner,550₹,16,4
UttarPradesh,Varanasi,IpCinemasIpSigraMallShastriNagar,Hindi,17:10,Gold,200₹,180,15
UttarPradesh,Varanasi,IpCinemasIpSigraMallShastriNagar,Hindi,17:10,Silver,150₹,84,0
Delhi,NewDelhi,PvrSangamRKPuram,English,17:10,Classic,200₹,40,0
Delhi,NewDelhi,PvrSangamRKPuram,English,17:10,Prime,230₹,26,0
Delhi,NewDelhi,PvrSangamRKPuram,English,17:10,PrimePlus,230₹,13,0
Chhattisgarh,Raipur,PvrCityCenterRaipur,Hindi,17:10,Recliner,280₹,12,2
Chhattisgarh,Raipur,PvrCityCenterRaipur,Hindi,17:10,Prime,90₹,140,23
Chhattisgarh,Raipur,PvrCityCenterRaipur,Hindi,17:10,Classic,80₹,24,0
Maharashtra,Mumbai,PvrGrowelsKandivaliE,English,17:10,Recliner,300₹,12,0
Maharashtra,Mumbai,PvrGrowelsKandivaliE,English,17:10,Prime,170₹,196,17
Maharashtra,Mumbai,PvrGrowelsKandivaliE,English,17:10,Classic,150₹,30,0
UttarPradesh,Lucknow,InoxGardensGalleriaMallRaebareliRoad,Hindi,17:10,Club,130₹,72,0
UttarPradesh,Lucknow,InoxGardensGalleriaMallRaebareliRoad,Hindi,17:10,Executive,112₹,24,0
UttarPradesh,Lucknow,InoxGardensGalleriaMallRaebareliRoad,Hindi,17:10,Royal,150₹,38,0
Gujarat,Vadodara,InoxSevenSeasMallFatehgunj,Hindi,17:10,Executive,140₹,36,0
Gujarat,Vadodara,InoxSevenSeasMallFatehgunj,Hindi,17:10,Premiere,140₹,126,0
Gujarat,Vadodara,InoxSevenSeasMallFatehgunj,Hindi,17:10,Silver,150₹,98,2
Maharashtra,Pune,PvrMarketCity4DxVimanNagar,Hindi,17:10,4DxClassic,350₹,48,0
Maharashtra,Pune,PvrMarketCity4DxVimanNagar,Hindi,17:10,4DxPrime,400₹,72,16
Delhi,NewDelhi,PvrSelectCityWalkImaxLaserSaket,English,17:10,LoungerNormal,250₹,11,0
Delhi,NewDelhi,PvrSelectCityWalkImaxLaserSaket,English,17:10,ClassicNormal,200₹,107,0
Delhi,NewDelhi,PvrSelectCityWalkImaxLaserSaket,English,17:10,Prime,250₹,111,5
Delhi,NewDelhi,PvrSelectCityWalkImaxLaserSaket,English,17:10,ReclinersNormal,600₹,17,0
UttarPradesh,Lucknow,PvrPhoenixUnitedMallAlambagh,Hindi,17:10,Classic,140₹,104,0
UttarPradesh,Lucknow,PvrPhoenixUnitedMallAlambagh,Hindi,17:10,Prime,200₹,7,0
AndhraPradesh,Vijayawada,CapitalCinemasTrendsetMallKalaNagar,Telugu,17:10,Gold,295₹,22,2
AndhraPradesh,Vijayawada,CapitalCinemasTrendsetMallKalaNagar,Telugu,17:10,Executive,177₹,279,0
Jharkhand,Jamshedpur,PjpCinepolisCityCentreMallMauja,English,17:15,Normal,160₹,22,0
Jharkhand,Jamshedpur,PjpCinepolisCityCentreMallMauja,English,17:15,Executive,180₹,33,0
Jharkhand,Jamshedpur,PjpCinepolisCityCentreMallMauja,English,17:15,Premium,200₹,59,0
Maharashtra,Mumbai,CinepolisNexusSeawoodsNaviMumbai,Hindi,17:15,Normal,450₹,84,16
UttarPradesh,Lucknow,CinepolisOneAwadhCenterMallGomtiNagar,Hindi,17:15,Normal,140₹,25,0
UttarPradesh,Lucknow,CinepolisOneAwadhCenterMallGomtiNagar,Hindi,17:15,Executive,150₹,69,0
UttarPradesh,Lucknow,CinepolisOneAwadhCenterMallGomtiNagar,Hindi,17:15,Premium,160₹,38,0
UttarPradesh,Lucknow,CinepolisOneAwadhCenterMallGomtiNagar,Hindi,17:15,Vip,450₹,10,0
Gujarat,Mundra,AradhayaNovaCinemazMundra,Hindi,17:15,Vip,250₹,14,7
Gujarat,Mundra,AradhayaNovaCinemazMundra,Hindi,17:15,Platinum,170₹,60,5
Gujarat,Mundra,AradhayaNovaCinemazMundra,Hindi,17:15,Gold,170₹,76,0
Gujarat,Mundra,AradhayaNovaCinemazMundra,Hindi,17:15,Silver,170₹,76,0
Gujarat,Surat,InoxRajImperialVarachhaRoad,Hindi,17:15,Gold,150₹,248,1
Gujarat,Surat,InoxRajImperialVarachhaRoad,Hindi,17:15,Imperial,330₹,11,0
Gujarat,Surat,InoxRajImperialVarachhaRoad,Hindi,17:15,Platinum,180₹,97,0
Gujarat,Surat,InoxRajImperialVarachhaRoad,Hindi,17:15,Silver,140₹,44,0
Maharashtra,Mumbai,InoxLaserplexCr2NarimanPoint,English,17:15,Insignia,600₹,70,4
Maharashtra,Nagpur,PvrEmpressCityMallNagpur,English,17:15,Classic,70₹,28,28
Maharashtra,Nagpur,PvrEmpressCityMallNagpur,English,17:15,Prime,100₹,84,84
Maharashtra,Nagpur,PvrEmpressCityMallNagpur,English,17:15,PrimePlus,120₹,110,110
MadhyaPradesh,Indore,InoxSapnaSangeetaMallSnehaNagar,Hindi,17:20,Club,130₹,156,6
MadhyaPradesh,Indore,InoxSapnaSangeetaMallSnehaNagar,Hindi,17:20,Executive,112₹,80,0
MadhyaPradesh,Indore,InoxSapnaSangeetaMallSnehaNagar,Hindi,17:20,Royale,130₹,31,31
Karnataka,Bengaluru,Pvr4DxOrionMallDrRajkumarRoad,English,17:20,Classic,280₹,88,19
Karnataka,Bengaluru,PvrVega4DxBannerghattaRoad,English,17:20,Classic,280₹,100,6
UttarPradesh,Meerut,InoxPvsMallShastriNagar,Hindi,17:20,Cl,170₹,341,0
UttarPradesh,Meerut,InoxPvsMallShastriNagar,Hindi,17:20,Ex,150₹,65,0
UttarPradesh,Meerut,InoxPvsMallShastriNagar,Hindi,17:20,Rr,280₹,16,0
UttarPradesh,Meerut,InoxPvsMallShastriNagar,Hindi,17:20,Ry,190₹,30,5
Maharashtra,Thane,CinepolisVivianaMallThaneW,English,17:20,Normal,230₹,39,0
Maharashtra,Thane,CinepolisVivianaMallThaneW,English,17:20,Executive,250₹,224,4
Maharashtra,Thane,CinepolisVivianaMallThaneW,English,17:20,Premium,270₹,57,20
Telangana,Hyderabad,Pvr4DxNexusMallFormerlyForumSujanaKukatpallyHyderabad,English,17:20,4DxClassic,350₹,108,33
Delhi,NewDelhi,InoxJanakPlace,Hindi,17:25,Club,219₹,130,2
Delhi,NewDelhi,InoxJanakPlace,Hindi,17:25,Executive,193₹,161,0
Delhi,NewDelhi,InoxJanakPlace,Hindi,17:25,Royal,227₹,38,0
Maharashtra,NaviMumbai,PvrOrionPanvel,Hindi,17:25,Classic,160₹,28,4
Maharashtra,NaviMumbai,PvrOrionPanvel,Hindi,17:25,Prime,180₹,115,17
Maharashtra,NaviMumbai,PvrOrionPanvel,Hindi,17:25,PrimePlus,210₹,34,0
UttarPradesh,GreaterNoida,CinepolisTheGrandVeniceMallGreaterNoida,Hindi,17:25,Normal,140₹,23,0
UttarPradesh,GreaterNoida,CinepolisTheGrandVeniceMallGreaterNoida,Hindi,17:25,Executive,150₹,72,3
UttarPradesh,GreaterNoida,CinepolisTheGrandVeniceMallGreaterNoida,Hindi,17:25,Premium,160₹,45,10
Maharashtra,Mumbai,PvrMarketCity4DxKurlaW,Hindi,17:25,4DxPrime,350₹,80,18
Maharashtra,Mumbai,PvrMarketCity4DxKurlaW,Hindi,17:25,4DxClassic,300₹,60,0
Maharashtra,Nagpur,CinepolisVrNagpurMall,English,17:25,Vip,300₹,4,2
Maharashtra,Nagpur,CinepolisVrNagpurMall,English,17:25,Premium,150₹,34,0
Maharashtra,Nagpur,CinepolisVrNagpurMall,English,17:25,Executive,130₹,50,0
Maharashtra,Nagpur,CinepolisVrNagpurMall,English,17:25,Normal,90₹,19,0
UttarPradesh,Ghaziabad,NewUsCinemasAdityaMall,Hindi,17:25,Luxury,110₹,130,0
UttarPradesh,Ghaziabad,NewUsCinemasAdityaMall,Hindi,17:25,LuxuryPlus,140₹,132,11
Gujarat,Valsad,RajhansCineWorldValsad,Hindi,17:30,Platinum,190₹,44,0
Gujarat,Valsad,RajhansCineWorldValsad,Hindi,17:30,Executive,160₹,120,0
Gujarat,Valsad,RajhansCineWorldValsad,Hindi,17:30,Royal,140₹,40,0
Gujarat,Valsad,RajhansCineWorldValsad,Hindi,17:30,Marvel,140₹,60,0
UttarPradesh,Ghazipur,AvStarworldCinemasBandhwaPull,Hindi,17:30,Diamond,200₹,38,20
UttarPradesh,Ghazipur,AvStarworldCinemasBandhwaPull,Hindi,17:30,Gold,190₹,67,42
UttarPradesh,Ghazipur,AvStarworldCinemasBandhwaPull,Hindi,17:30,Silver,170₹,130,92
Chhattisgarh,DalliRajhara,MathurCineplexDalliRajhara,Hindi,17:30,Gold,130₹,130,114
Chhattisgarh,DalliRajhara,MathurCineplexDalliRajhara,Hindi,17:30,Silver,100₹,102,85
Gujarat,Rajkot,CosmoplexMultiplexKalawadRoad,Hindi,17:30,Crew,200₹,10,0
Maharashtra,Mumbai,MovieTimeHubMallGoregaonE,English,17:30,Gold,130₹,63,9
Maharashtra,Pune,InoxRoyalHeritageMallNibmExt,English,17:30,Club,150₹,33,0
Maharashtra,Pune,InoxRoyalHeritageMallNibmExt,English,17:30,Executive,130₹,22,0
Maharashtra,Pune,InoxRoyalHeritageMallNibmExt,English,17:30,RoyaleRecliners,350₹,14,0
Maharashtra,Pune,InoxRoyalHeritageMallNibmExt,English,17:30,Royale,150₹,40,13
UttarPradesh,GreaterNoida,InoxOmaxeConnaughtPlaceMallGreaterNoida,English,17:30,Club,140₹,85,18
UttarPradesh,GreaterNoida,InoxOmaxeConnaughtPlaceMallGreaterNoida,English,17:30,RoyaleRecliners,230₹,16,0
UttarPradesh,GreaterNoida,InoxOmaxeConnaughtPlaceMallGreaterNoida,English,17:30,Royale,160₹,95,0
Maharashtra,Mumbai,CarnivalImaxWadala,English,17:30,PlatinumOffline,200₹,212,0
Maharashtra,Mumbai,CarnivalImaxWadala,English,17:30,PremiumOffline,300₹,95,0
Maharashtra,Mumbai,MovieTimeChembur,English,17:35,Silver,130₹,134,0
Maharashtra,Mumbai,MovieTimeChembur,English,17:35,Gold,130₹,14,0
Gujarat,Surat,PvrRahulRaj4DxDumasRoad,Hindi,17:35,4DxPrime,400₹,60,10
Gujarat,Surat,PvrRahulRaj4DxDumasRoad,Hindi,17:35,4DxClassic,380₹,24,0
Maharashtra,Nagpur,MovieMaxEternityNagpur,Hindi,17:40,Recliner,250₹,15,2
Maharashtra,Nagpur,MovieMaxEternityNagpur,Hindi,17:40,Prime,100₹,138,2
Maharashtra,Nagpur,MovieMaxEternityNagpur,Hindi,17:40,Classic,70₹,104,4
Uttarakhand,Haridwar,WavePentagonMallSidcul,Hindi,17:40,Classic,180₹,162,2
UttarPradesh,Ghaziabad,WaveKaushambi,Hindi,17:40,Classic,170₹,217,2
UttarPradesh,Noida,PvrLogixCityCentre4DxNoida,English,17:50,Classic,425₹,80,6
UttarPradesh,Ghaziabad,WaveCinemasGaurCentralMallRdc,Hindi,17:50,Classic,160₹,234,0
Gujarat,Gandhinagar,InoxR16Gandhinagar,Hindi,17:50,Gold,140₹,115,0
Gujarat,Gandhinagar,InoxR16Gandhinagar,Hindi,17:50,Platinum,190₹,6,0
Gujarat,Gandhinagar,InoxR16Gandhinagar,Hindi,17:50,Silver,140₹,23,0
UttarPradesh,Lucknow,WaveLucknow,English,17:50,Classic,140₹,96,0
UttarPradesh,Lucknow,WaveLucknow,English,17:50,Gold,400₹,6,0
UttarPradesh,Lucknow,WaveLucknow,English,17:50,Premium,140₹,88,0
Delhi,NewDelhi,PvrSapphirePacificD21Dwarka,English,17:55,Classic,200₹,33,0
Delhi,NewDelhi,PvrSapphirePacificD21Dwarka,English,17:55,Prime,230₹,17,0
UttarPradesh,Muzaffarnagar,MayaMultiplexRampuri,Hindi,18:00,Platinum,150₹,51,0
UttarPradesh,Muzaffarnagar,MayaMultiplexRampuri,Hindi,18:00,Gold,120₹,72,0
UttarPradesh,Muzaffarnagar,MayaMultiplexRampuri,Hindi,18:00,Silver,100₹,48,0
Chhattisgarh,Jagdalpur,JhankarCinemaJagdalpur,Hindi,18:00,Balcony,70₹,10,0
MadhyaPradesh,Hoshangabad,MeenakshiMultiplexHoshangabad,Hindi,18:00,Platinum,200₹,19,0
MadhyaPradesh,Hoshangabad,MeenakshiMultiplexHoshangabad,Hindi,18:00,Gold,150₹,149,109
Uttarakhand,Haldwani,LaxmiCineplexHaldwani,Hindi,18:00,Diamond,250₹,20,15
Uttarakhand,Haldwani,LaxmiCineplexHaldwani,Hindi,18:00,Gold,150₹,85,66
Uttarakhand,Haldwani,LaxmiCineplexHaldwani,Hindi,18:00,Silver,120₹,35,24
Karnataka,Mudhol,SuryavanshiMultiplexRocklineCinemas,Hindi,18:00,GoldClass,150₹,154,36
Gujarat,Surat,BajrangCinemaVedRoad,Hindi,18:00,Prime,150₹,134,114
Maharashtra,Pune,CinepolisSeasonsMallHadapsar,Hindi,18:00,Normal,150₹,29,0
Maharashtra,Pune,CinepolisSeasonsMallHadapsar,Hindi,18:00,Executive,150₹,83,0
Maharashtra,Pune,CinepolisSeasonsMallHadapsar,Hindi,18:00,Premium,170₹,35,3
Delhi,NewDelhi,PvrPacificSubhashNagar4DxDelhi,English,18:00,Prime,350₹,56,2
Delhi,NewDelhi,PvrPacificSubhashNagar4DxDelhi,English,18:00,Classic,300₹,36,0
Delhi,NewDelhi,PvrSaketDelhi,English,18:00,Classic,195₹,52,1
Delhi,NewDelhi,PvrSaketDelhi,English,18:00,Prime,245₹,41,2
MadhyaPradesh,Satna,PvrUtsavGmsCityCentre,Hindi,18:00,Classic,110₹,24,0
MadhyaPradesh,Satna,PvrUtsavGmsCityCentre,Hindi,18:00,ClassicPlus,130₹,150,12
Punjab,Mohali,PvrVrPunjabMallMohali,English,18:00,Classic,180₹,105,105
Punjab,Mohali,PvrVrPunjabMallMohali,English,18:00,Prime,210₹,42,42
UttarPradesh,Noida,WaveNoida,English,18:00,Classic,150₹,472,4
UttarPradesh,Noida,WaveNoida,English,18:00,PlatinumPkg,"1,200₹",17,0
Maharashtra,Vasai,MirajDattaniCinemasVasai,English,18:00,Silver,150₹,191,13
Maharashtra,Vasai,MirajDattaniCinemasVasai,English,18:00,Bronze,130₹,32,0
Maharashtra,Vasai,MirajDattaniCinemasVasai,English,18:00,Gold,180₹,16,3
Maharashtra,Vasai,MirajDattaniCinemasVasai,English,18:00,Platinum,220₹,11,2
UttarPradesh,Ghazipur,NyCinemasGhazipur,Hindi,18:00,Go,110₹,32,0
UttarPradesh,Ghazipur,NyCinemasGhazipur,Hindi,18:00,Pl,110₹,131,2
UttarPradesh,Hapur,NyCinemasHapur,Hindi,18:01,Gl,110₹,104,0
UttarPradesh,Hapur,NyCinemasHapur,Hindi,18:01,Pl,110₹,208,1
UttarPradesh,Hapur,NyCinemasHapur,Hindi,18:01,Pr,200₹,18,0
Gujarat,Surat,InoxRajImperialVarachhaRoad,Hindi,18:05,Gold,150₹,113,0
Gujarat,Surat,InoxRajImperialVarachhaRoad,Hindi,18:05,Imperial,330₹,11,0
Gujarat,Surat,InoxRajImperialVarachhaRoad,Hindi,18:05,Platinum,180₹,53,3
Gujarat,Surat,InoxRajImperialVarachhaRoad,Hindi,18:05,Silver,140₹,36,0
Maharashtra,Chandrapur,RadhakrishnaTalkies,Hindi,18:15,Gold,100₹,608,0
Delhi,NewDelhi,CinepolisDlfAvenueSaket,English,18:15,Normal,350₹,96,4
Bihar,Muzaffarpur,CinepolisGrandMallMithanpura,Hindi,18:15,Normal,110₹,26,0
Bihar,Muzaffarpur,CinepolisGrandMallMithanpura,Hindi,18:15,Executive,130₹,103,0
Bihar,Muzaffarpur,CinepolisGrandMallMithanpura,Hindi,18:15,Premium,150₹,52,0
MadhyaPradesh,Bhopal,RajCinemaBhopal,Hindi,18:15,Diamond,110₹,220,138
MadhyaPradesh,Bhopal,RajCinemaBhopal,Hindi,18:15,Silver,80₹,128,128
Chhattisgarh,Raigarh,GalaxyCinemasDolbyAtmos,Hindi,18:15,Recliner,400₹,14,0
Chhattisgarh,Raigarh,GalaxyCinemasDolbyAtmos,Hindi,18:15,Premium,200₹,81,0
Chhattisgarh,Raigarh,GalaxyCinemasDolbyAtmos,Hindi,18:15,Executive,150₹,39,0
MadhyaPradesh,Gadarwara,AlkaTalkiesGadarwara,Hindi,18:15,Vip,100₹,6,0
MadhyaPradesh,Gadarwara,AlkaTalkiesGadarwara,Hindi,18:15,Balcony,90₹,15,0
MadhyaPradesh,Gadarwara,AlkaTalkiesGadarwara,Hindi,18:15,Deluxe,60₹,15,0
Orissa,Jharsuguda,EylexCinemaJharsuguda,Hindi,18:15,Dm,120₹,55,0
Orissa,Jharsuguda,EylexCinemaJharsuguda,Hindi,18:15,Pl,120₹,65,0
UttarPradesh,Noida,CarnivalTgipNoida,Hindi,18:15,Recliner,580₹,24,0
UttarPradesh,Noida,CarnivalTgipNoida,Hindi,18:15,Sofa,380₹,80,3
UttarPradesh,Meerut,WaveMeerut,Hindi,18:30,Classic,190₹,158,0
Maharashtra,Nagpur,SudamaTheatreNagpur,Hindi,18:30,Balcony,120₹,104,0
Maharashtra,Nagpur,SudamaTheatreNagpur,Hindi,18:30,DressCircle,100₹,165,0
Maharashtra,Nagpur,SudamaTheatreNagpur,Hindi,18:30,ReserveClass,80₹,294,0
UttarPradesh,Moradabad,SatyamCinemaMoradabad,Hindi,18:30,Box1,200₹,24,24
UttarPradesh,Moradabad,SatyamCinemaMoradabad,Hindi,18:30,Box2,200₹,6,6
UttarPradesh,Moradabad,SatyamCinemaMoradabad,Hindi,18:30,PlatinumUpper,150₹,21,21
UttarPradesh,Moradabad,SatyamCinemaMoradabad,Hindi,18:30,Gold,100₹,152,128
UttarPradesh,Moradabad,SatyamCinemaMoradabad,Hindi,18:30,PlatinumLower,150₹,20,0
Kerala,Anaikatti,CityCinema2KACAnaikatti,Tamil,18:30,Premium,100₹,236,0
UttarPradesh,Ghaziabad,MovieMagicLoni,Hindi,18:30,Diamond,110₹,154,134
UttarPradesh,Ghaziabad,MovieMagicLoni,Hindi,18:30,Gold,110₹,88,66
UttarPradesh,Saharanpur,CineluvCinemaSaharanpur,Hindi,18:30,Platinum,200₹,66,40
UttarPradesh,Saharanpur,CineluvCinemaSaharanpur,Hindi,18:30,Gold,150₹,105,69
UttarPradesh,Saharanpur,CineluvCinemaSaharanpur,Hindi,18:30,Silver,150₹,72,54
Gujarat,Veraval,FunCinemaAradhanaCineplex,Hindi,18:30,Gold,140₹,125,0
Gujarat,Veraval,FunCinemaAradhanaCineplex,Hindi,18:30,Silver,140₹,125,0
UttarPradesh,Moradabad,WaveMoradabad,Hindi,18:30,Classic,130₹,274,5
MadhyaPradesh,Indore,PvrTreasureIslandMallSouthTukoganj,English,18:30,Prime,150₹,46,20
MadhyaPradesh,Indore,PvrTreasureIslandMallSouthTukoganj,English,18:30,Classic,130₹,26,0
MadhyaPradesh,Indore,PvrTreasureIslandMallSouthTukoganj,English,18:30,Recliner,300₹,8,4
UttarPradesh,GreaterNoida,NyCinemasSonicWorldMallGreaterNoida,Hindi,18:30,Eb,150₹,10,0
UttarPradesh,GreaterNoida,NyCinemasSonicWorldMallGreaterNoida,Hindi,18:30,Ex,110₹,24,0
UttarPradesh,GreaterNoida,NyCinemasSonicWorldMallGreaterNoida,Hindi,18:30,Pr,130₹,108,2
Rajasthan,Sikar,CineSquareSikar,Hindi,18:30,Luxury,150₹,6,6
Rajasthan,Sikar,CineSquareSikar,Hindi,18:30,Royale,90₹,112,80
Rajasthan,Sikar,CineSquareSikar,Hindi,18:30,Premium,90₹,32,24
WestBengal,Siliguri,CarnivalCinemaSiliguri,Hindi,18:35,Special,110₹,42,0
WestBengal,Siliguri,CarnivalCinemaSiliguri,Hindi,18:35,Executive,110₹,197,0
WestBengal,Siliguri,CarnivalCinemaSiliguri,Hindi,18:35,Gold,160₹,46,0
Haryana,Rohtak,InoxSkytechMallRohtak,Hindi,18:35,Club,140₹,74,0
Haryana,Rohtak,InoxSkytechMallRohtak,Hindi,18:35,Executive,110₹,41,0
Haryana,Rohtak,InoxSkytechMallRohtak,Hindi,18:35,Royale,160₹,34,0
Orissa,Bhubaneswar,CinepolisNexusEsplanadeBhubaneswar,English,18:35,Vip,400₹,14,0
Orissa,Bhubaneswar,CinepolisNexusEsplanadeBhubaneswar,English,18:35,Premium,160₹,69,4
Orissa,Bhubaneswar,CinepolisNexusEsplanadeBhubaneswar,English,18:35,Executive,150₹,76,0
Orissa,Bhubaneswar,CinepolisNexusEsplanadeBhubaneswar,English,18:35,Normal,140₹,37,0
Maharashtra,Thane,CinepolisVipVivianaMallThaneW,English,18:40,Vip,500₹,69,11
Tripura,Agartala,RupasiCinemaAgartala,English,18:40,GoldClass,150₹,329,79
Kerala,Kochi,Pvr4DxLuluKochi,English,18:40,Classic,300₹,116,18
Karnataka,Bengaluru,CinepolisNexusShantiniketanThigalarapalya,English,18:45,Normal,350₹,79,2
Gujarat,Junagadh,SurajCineplexJunagadh,Hindi,18:45,Gold,180₹,100,0
Gujarat,Junagadh,SurajCineplexJunagadh,Hindi,18:45,Silver,160₹,100,0
Karnataka,Bengaluru,PvrPhoenixMarketcityMall4DxWhitefieldRoad,English,18:45,Classic,330₹,88,6
Karnataka,Bengaluru,InoxMantriSquareMalleshwaram,English,18:50,Club,370₹,222,4
UttarPradesh,Lucknow,InoxMegaplexPhoenixPalassioMallLucknow,English,18:50,Club,220₹,228,0
UttarPradesh,Lucknow,InoxMegaplexPhoenixPalassioMallLucknow,English,18:50,Executive,180₹,42,0
UttarPradesh,Lucknow,InoxMegaplexPhoenixPalassioMallLucknow,English,18:50,Royale,240₹,37,0
Maharashtra,Pune,InoxAmanoraTownCentreHadapsar,English,18:50,Royale,350₹,46,2
UttarPradesh,GreaterNoida,PvrAnsalPlazaGreaterNoida,Hindi,18:55,Classic,120₹,128,3
UttarPradesh,GreaterNoida,PvrAnsalPlazaGreaterNoida,Hindi,18:55,Prime,140₹,48,0
Haryana,Bahadurgarh,MovieTimeBahadurgarh,Hindi,19:00,Platinum,150₹,12,0
Haryana,Bahadurgarh,MovieTimeBahadurgarh,Hindi,19:00,Gold,100₹,39,0
Haryana,Bahadurgarh,MovieTimeBahadurgarh,Hindi,19:00,Silver,100₹,119,0
UttarPradesh,Lucknow,InoxMegaplexEmeraldLucknow,English,19:00,Club,160₹,48,0
UttarPradesh,Lucknow,InoxMegaplexEmeraldLucknow,English,19:00,Executive,160₹,24,0
UttarPradesh,Lucknow,InoxMegaplexEmeraldLucknow,English,19:00,Royale,160₹,51,1
MadhyaPradesh,Gwalior,FunCinemaDdCityMallGwalior,Hindi,19:00,Normal,170₹,60,0
MadhyaPradesh,Gwalior,FunCinemaDdCityMallGwalior,Hindi,19:00,Executive,180₹,122,23
Gujarat,Surendranagar,MahalaxmiMultiplexSurendranagar,Hindi,19:00,Gold,150₹,122,0
Gujarat,Surendranagar,MahalaxmiMultiplexSurendranagar,Hindi,19:00,Silver,100₹,60,0
Maharashtra,Pune,PvrMarketCityGoldPune,English,19:00,GoldClassic,400₹,24,14
Maharashtra,Pune,PvrMarketCityGoldPune,English,19:00,GoldPrime,400₹,22,17
Karnataka,Bengaluru,PvrPepsiKotakImaxNexusFormerlyForumKoramangala,English,19:00,Classic,220₹,227,4
Karnataka,Bengaluru,PvrPepsiKotakImaxNexusFormerlyForumKoramangala,English,19:00,Prime,250₹,105,3
UttarPradesh,Bulandshahr,SuncityCinemaBulandshahr,Hindi,19:00,Platinum,250₹,240,0
UttarPradesh,Bulandshahr,SuncityCinemaBulandshahr,Hindi,19:00,Gold,180₹,240,0
Maharashtra,Mumbai,MoviemaxHumaKanjurmarg,Hindi,19:00,Silver,100₹,95,0
Maharashtra,Mumbai,MoviemaxHumaKanjurmarg,Hindi,19:00,Gold,100₹,136,0
Maharashtra,Mumbai,MoviemaxHumaKanjurmarg,Hindi,19:00,Platinum,100₹,66,1
Maharashtra,Mumbai,MoviemaxHumaKanjurmarg,Hindi,19:00,Recliner,180₹,16,0
Gujarat,Veraval,FunCinemaPhoenixCinemas,Hindi,19:00,Executive,140₹,15,0
Gujarat,Veraval,FunCinemaPhoenixCinemas,Hindi,19:00,Gold,140₹,88,0
Gujarat,Veraval,FunCinemaPhoenixCinemas,Hindi,19:00,Silver,140₹,22,0
WestBengal,Asansol,CarnivalSentrumMallAsansol,Hindi,19:05,Premium,110₹,63,0
WestBengal,Asansol,CarnivalSentrumMallAsansol,Hindi,19:05,Silver,110₹,150,6
WestBengal,Asansol,CarnivalSentrumMallAsansol,Hindi,19:05,Gold,110₹,43,2
Maharashtra,Mumbai,PvrInfinitiMalad4DxMumbai,English,19:10,4DxPrime,290₹,52,16
Maharashtra,Mumbai,PvrInfinitiMalad4DxMumbai,English,19:10,4DxClassic,270₹,24,0
Gujarat,Ahmedabad,PvrAcropolisMall4DxThaltej,Hindi,19:10,4DxPrime,375₹,80,9
Gujarat,Ahmedabad,PvrAcropolisMall4DxThaltej,Hindi,19:10,4DxClassic,375₹,36,0
TamilNadu,Chennai,SpiSathyamCinemasRoyapettah,English,19:15,Budget,66₹,20,19
TamilNadu,Chennai,SpiSathyamCinemasRoyapettah,English,19:15,Elite,211₹,164,77
Maharashtra,Pune,CinepolisSeasonsMallHadapsar,English,19:15,Normal,350₹,84,4
Karnataka,Bengaluru,Pvr4DxNexusFormerlyForumKoramangala,English,19:15,4DxClassic,350₹,84,28
Karnataka,Bengaluru,PvrVrImaxWhitefieldRoad,English,19:15,Classic,220₹,184,0
Karnataka,Bengaluru,PvrVrImaxWhitefieldRoad,English,19:15,Prime,250₹,64,16
MadhyaPradesh,Singrauli,McmCineplexWaidhan,Hindi,19:15,Vip,280₹,33,8
MadhyaPradesh,Singrauli,McmCineplexWaidhan,Hindi,19:15,Platinum,220₹,90,12
MadhyaPradesh,Singrauli,McmCineplexWaidhan,Hindi,19:15,Gold,170₹,148,30
MadhyaPradesh,Singrauli,McmCineplexWaidhan,Hindi,19:15,Silver,110₹,45,0
Haryana,Faridabad,InoxCrownInteriorzMallDelhiMathuraRoad,Hindi,19:20,Executive,160₹,60,0
Haryana,Faridabad,InoxCrownInteriorzMallDelhiMathuraRoad,Hindi,19:20,Club,180₹,207,9
Haryana,Gurgaon,InoxDreamzMallGurgaon,Hindi,19:20,Club,190₹,86,1
Haryana,Gurgaon,InoxDreamzMallGurgaon,Hindi,19:20,Executive,170₹,30,0
Haryana,Gurgaon,InoxDreamzMallGurgaon,Hindi,19:20,RoyalRecliners,280₹,12,0
Delhi,NewDelhi,InoxPatelNagar,English,19:20,Club,202₹,81,3
Delhi,NewDelhi,InoxPatelNagar,English,19:20,Executive,185₹,105,0
Delhi,NewDelhi,InoxPatelNagar,English,19:20,Royal,210₹,30,2
Karnataka,Bengaluru,CinepolisRoyalMeenakshiMallBannerghattaRoad,English,19:20,Normal,150₹,30,0
Karnataka,Bengaluru,CinepolisRoyalMeenakshiMallBannerghattaRoad,English,19:20,Executive,150₹,80,0
Karnataka,Bengaluru,CinepolisRoyalMeenakshiMallBannerghattaRoad,English,19:20,Premium,150₹,47,4
Kerala,Kochi,PvrLuluKochi,English,19:20,Classic,110₹,39,0
Kerala,Kochi,PvrLuluKochi,English,19:20,ClassicPlus,140₹,91,0
Kerala,Kochi,PvrLuluKochi,English,19:20,Prime,160₹,64,27
Kerala,Kochi,PvrLuluKochi,English,19:20,Recliner,300₹,9,6
Haryana,Gurgaon,PvrImaxAmbienceGurgaon,English,19:20,ClassicImax,200₹,165,0
Haryana,Gurgaon,PvrImaxAmbienceGurgaon,English,19:20,PrimeImax,250₹,113,2
Haryana,Gurgaon,PvrImaxAmbienceGurgaon,English,19:20,Lounger,250₹,9,0
Haryana,Faridabad,PristineMallOldSrsSec31Faridabad,Hindi,19:20,Platinum,100₹,94,66
Haryana,Faridabad,PristineMallOldSrsSec31Faridabad,Hindi,19:20,Gold,100₹,39,26
Haryana,Faridabad,PristineMallOldSrsSec31Faridabad,Hindi,19:20,Silver,80₹,26,13
Maharashtra,Mumbai,PvrIconPhoenixPalladiumLowerParelMumbai,English,19:20,Lounger,280₹,14,0
Maharashtra,Mumbai,PvrIconPhoenixPalladiumLowerParelMumbai,English,19:20,Classic,240₹,38,0
Maharashtra,Mumbai,PvrIconPhoenixPalladiumLowerParelMumbai,English,19:20,Prime,300₹,186,22
Maharashtra,Mumbai,PvrIconPhoenixPalladiumLowerParelMumbai,English,19:20,Recliner,550₹,14,8
Maharashtra,Pune,InoxRoyalHeritageMallNibmExt,English,19:20,Club,170₹,77,0
Maharashtra,Pune,InoxRoyalHeritageMallNibmExt,English,19:20,Executive,150₹,24,0
Maharashtra,Pune,InoxRoyalHeritageMallNibmExt,English,19:20,RoyaleRecliners,370₹,13,0
Maharashtra,Pune,InoxRoyalHeritageMallNibmExt,English,19:20,Royale,170₹,22,0
Maharashtra,Pune,InoxRoyalHeritageMallNibmExt,English,19:20,Royale,170₹,26,2
Maharashtra,Pune,InoxRoyalHeritageMallNibmExt,English,19:20,Club,170₹,85,0
Maharashtra,Pune,InoxRoyalHeritageMallNibmExt,English,19:20,Executive,150₹,26,0
Maharashtra,Pune,InoxRoyalHeritageMallNibmExt,English,19:20,RoyaleRecliners,370₹,15,0
Karnataka,Mysuru,PvrNexusMallCentreCityMysuru,English,19:25,Classic,140₹,119,9
Karnataka,Bengaluru,CinepolisNexusShantiniketanThigalarapalya,English,19:25,Premium,310₹,51,0
Karnataka,Bengaluru,CinepolisNexusShantiniketanThigalarapalya,English,19:25,Executive,290₹,121,9
Karnataka,Bengaluru,CinepolisNexusShantiniketanThigalarapalya,English,19:25,Normal,270₹,40,0
Delhi,NewDelhi,PvrEcxChanakyapuri,English,19:25,Classic,250₹,16,0
Delhi,NewDelhi,PvrEcxChanakyapuri,English,19:25,Prime,280₹,120,0
Delhi,NewDelhi,PvrEcxChanakyapuri,English,19:25,PrimePlus,330₹,29,4
UttarPradesh,GreaterNoida,PvrGaurCityGreaterNoida,English,19:30,Classic,180₹,92,0
UttarPradesh,GreaterNoida,PvrGaurCityGreaterNoida,English,19:30,Prime,200₹,13,4
Gujarat,Ahmedabad,AppleMultiplexAhmedabad,Hindi,19:30,UpperSofa,150₹,11,0
Gujarat,Ahmedabad,AppleMultiplexAhmedabad,Hindi,19:30,Platinum,150₹,100,0
Gujarat,Ahmedabad,AppleMultiplexAhmedabad,Hindi,19:30,LowerSofa,150₹,10,0
Chhattisgarh,Raipur,MirajCinemasNavaRaipurAtalNagar,Hindi,19:30,Club,150₹,11,0
Chhattisgarh,Raipur,MirajCinemasNavaRaipurAtalNagar,Hindi,19:30,Executive,100₹,76,0
Chhattisgarh,Raipur,MirajCinemasNavaRaipurAtalNagar,Hindi,19:30,Special,100₹,26,0
Gujarat,KalolPanchmahal,FunCinemasCinemaCityKalol,Hindi,19:30,City,140₹,125,0
UttarPradesh,GreaterNoida,UsCinemasEminenceCutGalaxyBlueSapphire,Hindi,19:30,RoyalPlus,350₹,42,3
UttarPradesh,GreaterNoida,UsCinemasEminenceCutGalaxyBlueSapphire,Hindi,19:30,Royal,300₹,16,3
UttarPradesh,Kanpur,InoxZSquareMallBadaChauraha,Hindi,19:30,Club,170₹,139,0
UttarPradesh,Kanpur,InoxZSquareMallBadaChauraha,Hindi,19:30,Executive,150₹,30,1
UttarPradesh,Kanpur,InoxZSquareMallBadaChauraha,Hindi,19:30,RoyalRecliner,350₹,15,1
UttarPradesh,Kanpur,InoxZSquareMallBadaChauraha,Hindi,19:30,Royal,190₹,66,2
Gujarat,Ahmedabad,PvrArvedTranscube,Hindi,19:30,Classic,150₹,33,0
Gujarat,Ahmedabad,PvrArvedTranscube,Hindi,19:30,Prime,160₹,100,15
UttarPradesh,Moradabad,PvrParshvanathMallMoradabad,Hindi,19:30,Classic,130₹,72,0
UttarPradesh,Moradabad,PvrParshvanathMallMoradabad,Hindi,19:30,ClassicPlus,140₹,161,18
Haryana,Gurgaon,PvrMgfMall4DxGurgaon,English,19:30,Classic,300₹,84,12
Gujarat,Vadodara,PvrTransCubeVadodara,Hindi,19:30,Classic,150₹,34,0
Gujarat,Vadodara,PvrTransCubeVadodara,Hindi,19:30,Prime,150₹,100,0
Gujarat,Vadodara,PvrTransCubeVadodara,Hindi,19:30,Recliner,300₹,8,0
UttarPradesh,Noida,CarnivalTgipNoida,English,19:30,Gold,150₹,225,0
UttarPradesh,Noida,CarnivalTgipNoida,English,19:30,Recliner,400₹,12,8
MadhyaPradesh,Gwalior,InoxDbMallRaceCourseRoad,Hindi,19:35,Club,210₹,55,0
MadhyaPradesh,Gwalior,InoxDbMallRaceCourseRoad,Hindi,19:35,Executive,180₹,22,0
MadhyaPradesh,Gwalior,InoxDbMallRaceCourseRoad,Hindi,19:35,Royale,220₹,58,5
UttarPradesh,Noida,CinepolisModiMallFormerlySpiceMall,English,19:35,Normal,250₹,36,0
UttarPradesh,GreaterNoida,InoxMsxMallSwarnNagari,Hindi,19:35,Club,112₹,160,0
UttarPradesh,GreaterNoida,InoxMsxMallSwarnNagari,Hindi,19:35,RoyaleRecliner,200₹,21,0
UttarPradesh,GreaterNoida,InoxMsxMallSwarnNagari,Hindi,19:35,Royale,140₹,171,0
Haryana,Faridabad,MirajCinemasEldecoFaridabad,Hindi,19:35,Executive,100₹,151,3
Haryana,Faridabad,MirajCinemasEldecoFaridabad,Hindi,19:35,Special,100₹,93,0
Delhi,NewDelhi,PvrShalimarBagh,English,19:35,Classic,200₹,133,7
Delhi,NewDelhi,PvrShalimarBagh,English,19:35,Prime,230₹,51,2
Rajasthan,Jaipur,InoxElementsMallAjmerRoad,Hindi,19:35,Club,160₹,85,0
Rajasthan,Jaipur,InoxElementsMallAjmerRoad,Hindi,19:35,Executive,140₹,13,0
Rajasthan,Jaipur,InoxElementsMallAjmerRoad,Hindi,19:35,Royale,170₹,10,0
Maharashtra,Mumbai,MaisonPvrLibraryHallJioWorldDriveBkc,English,19:40,Prime,250₹,138,0
Maharashtra,Mumbai,MaisonPvrLibraryHallJioWorldDriveBkc,English,19:40,PrimePlus,300₹,66,25
Maharashtra,Mumbai,MaisonPvrLibraryHallJioWorldDriveBkc,English,19:40,Recliner,600₹,16,10
UttarPradesh,Kanpur,PvrDeepKanpur,Hindi,19:40,Classic,112₹,120,0
UttarPradesh,Kanpur,PvrDeepKanpur,Hindi,19:40,Prime,160₹,72,18
Telangana,Hyderabad,PvrMusarambaghNewMalakpet,English,19:40,Classic,112₹,150,20
Telangana,Hyderabad,CinepolisSudhaCinemasRajpalNagar,Hindi,19:40,Executive,150₹,175,29
Telangana,Hyderabad,CinepolisSudhaCinemasRajpalNagar,Hindi,19:40,Normal,150₹,92,0
MadhyaPradesh,Indore,InoxC21MallSheetalNagar,Hindi,19:40,Club,300₹,30,0
MadhyaPradesh,Indore,InoxC21MallSheetalNagar,Hindi,19:40,Royal,300₹,52,7
Punjab,Ludhiana,CinepolisMbdNeopolisMallLudhiana,Hindi,19:40,Normal,140₹,51,0
Punjab,Ludhiana,CinepolisMbdNeopolisMallLudhiana,Hindi,19:40,Executive,160₹,68,0
Punjab,Ludhiana,CinepolisMbdNeopolisMallLudhiana,Hindi,19:40,Premium,180₹,105,9
Punjab,Ludhiana,CinepolisMbdNeopolisMallLudhiana,Hindi,19:40,Vip,350₹,11,2
UttarPradesh,Moradabad,MovieTimeMiglaniCinemasGandhiNagar,Hindi,19:45,Platinum,199₹,5,0
UttarPradesh,Moradabad,MovieTimeMiglaniCinemasGandhiNagar,Hindi,19:45,Gold,100₹,97,0
UttarPradesh,Moradabad,MovieTimeMiglaniCinemasGandhiNagar,Hindi,19:45,Silver,100₹,51,0
UttarPradesh,Noida,PvrLogixCityCentreImaxNoida,English,19:45,Prime,310₹,288,9
UttarPradesh,Noida,PvrLogixCityCentreImaxNoida,English,19:45,Recliner,600₹,20,1
Assam,Guwahati,PvrCityCentreGuwahati,English,19:45,Classic,160₹,40,0
Assam,Guwahati,PvrCityCentreGuwahati,English,19:45,Prime,180₹,82,46
Assam,Guwahati,PvrCityCentreGuwahati,English,19:45,PrimePlus,200₹,13,10
Rajasthan,Jaipur,CinepolisTritonMegaMallJhotwaraRoad,Hindi,19:45,Executive,140₹,199,21
Rajasthan,Jaipur,CinepolisTritonMegaMallJhotwaraRoad,Hindi,19:45,Normal,140₹,34,0
Gujarat,Bharuch,InoxShreeRangPalaceZadeshwarRoad,Hindi,19:45,Club,150₹,21,0
Gujarat,Bharuch,InoxShreeRangPalaceZadeshwarRoad,Hindi,19:45,Gold,140₹,151,0
Gujarat,Bharuch,InoxShreeRangPalaceZadeshwarRoad,Hindi,19:45,Silver,140₹,57,0
UttarPradesh,Varanasi,IpCinemasIpVijayaMallBhelupur,Hindi,19:50,Gold,250₹,132,20
UttarPradesh,Varanasi,IpCinemasIpVijayaMallBhelupur,Hindi,19:50,Silver,200₹,108,0
UttarPradesh,Varanasi,IpCinemasIpVijayaMallBhelupur,Hindi,19:50,Platinum,550₹,14,6
Rajasthan,Jodhpur,InoxAnsalRoyalPlazaJodhpur,English,19:50,Club,150₹,102,0
Rajasthan,Jodhpur,InoxAnsalRoyalPlazaJodhpur,English,19:50,Executive,112₹,43,0
Rajasthan,Jodhpur,InoxAnsalRoyalPlazaJodhpur,English,19:50,Royale,160₹,17,0
Rajasthan,Jaipur,InoxSunnyTradeCenterJaipur,Hindi,19:50,Club,150₹,146,5
Rajasthan,Jaipur,InoxSunnyTradeCenterJaipur,Hindi,19:50,Executive,112₹,40,0
Rajasthan,Jaipur,InoxSunnyTradeCenterJaipur,Hindi,19:50,RoyaleRecliners,240₹,16,2
Rajasthan,Jaipur,InoxSunnyTradeCenterJaipur,Hindi,19:50,Royal,170₹,54,0
Telangana,Hyderabad,PvrInorbitCyberabad,English,19:50,Classic,150₹,170,20
MadhyaPradesh,Bhopal,CinepolisAashimaMallBawadiyaKalan,Hindi,19:50,Normal,150₹,30,0
MadhyaPradesh,Bhopal,CinepolisAashimaMallBawadiyaKalan,Hindi,19:50,Executive,150₹,102,0
MadhyaPradesh,Bhopal,CinepolisAashimaMallBawadiyaKalan,Hindi,19:50,Premium,150₹,73,0
Jharkhand,Bokaro,PvrBokaro,Hindi,19:55,Classic,130₹,84,0
Jharkhand,Bokaro,PvrBokaro,Hindi,19:55,Prime,160₹,109,13
Rajasthan,Jaipur,InoxJtmMallMalviyaNagar,Hindi,19:55,Club,150₹,56,3
Rajasthan,Jaipur,InoxJtmMallMalviyaNagar,Hindi,19:55,Executive,112₹,14,0
Rajasthan,Jaipur,InoxJtmMallMalviyaNagar,Hindi,19:55,RoyaleRecliner,240₹,10,0
Rajasthan,Jaipur,InoxJtmMallMalviyaNagar,Hindi,19:55,Royale,170₹,28,0
Maharashtra,Mumbai,CinepolisNexusSeawoodsNaviMumbai,English,19:55,Normal,450₹,84,13
AndhraPradesh,Kurnool,InoxJyotiMallKurnool,English,19:55,Executive,177₹,358,0
Gujarat,Gandhinagar,InoxR21Gandhinagar,Hindi,19:55,Ebony,210₹,35,6
Rajasthan,Kota,PvrCinemallKota,Hindi,19:55,Classic,130₹,57,0
Rajasthan,Kota,PvrCinemallKota,Hindi,19:55,Prime,140₹,126,15
Rajasthan,Kota,PvrCinemallKota,Hindi,19:55,Recliner,260₹,16,7
UttarPradesh,Lucknow,CinepolisOneAwadhCenterMallGomtiNagar,Hindi,20:00,Normal,140₹,25,0
UttarPradesh,Lucknow,CinepolisOneAwadhCenterMallGomtiNagar,Hindi,20:00,Executive,150₹,69,0
UttarPradesh,Lucknow,CinepolisOneAwadhCenterMallGomtiNagar,Hindi,20:00,Premium,160₹,38,0
UttarPradesh,Lucknow,CinepolisOneAwadhCenterMallGomtiNagar,Hindi,20:00,Vip,450₹,10,0
TamilNadu,Chennai,SpiPalazzoNexusVijayaMallVadapalaniChennai,English,20:00,Imax,199₹,346,13
Gujarat,Rajkot,CosmoplexMultiplexKalawadRoad,Hindi,20:00,Crew,200₹,10,0
Telangana,Hyderabad,PvrPanjagutta,English,20:00,Classic,112₹,255,17
MadhyaPradesh,Indore,InoxNexusIndoreCentralRegalSquare,English,20:00,Insignia,400₹,31,5
Maharashtra,Pune,PvrMarketCity4DxVimanNagar,Hindi,20:00,4DxClassic,350₹,48,0
Maharashtra,Pune,PvrMarketCity4DxVimanNagar,Hindi,20:00,4DxPrime,400₹,72,25
Delhi,NewDelhi,PvrSelectCityWalkImaxLaserSaket,English,20:00,LoungerNormal,250₹,11,0
Delhi,NewDelhi,PvrSelectCityWalkImaxLaserSaket,English,20:00,ClassicNormal,200₹,107,2
Delhi,NewDelhi,PvrSelectCityWalkImaxLaserSaket,English,20:00,Prime,250₹,111,13
Delhi,NewDelhi,PvrSelectCityWalkImaxLaserSaket,English,20:00,ReclinersNormal,600₹,17,0
Gujarat,Vadodara,CinepolisInorbitMallGorwa,English,20:00,Normal,150₹,24,0
Gujarat,Vadodara,CinepolisInorbitMallGorwa,English,20:00,Executive,150₹,81,8
Gujarat,Vadodara,CinepolisInorbitMallGorwa,English,20:00,Premium,150₹,29,2
Maharashtra,Mumbai,PvrIconOberoiGoregaonE,English,20:00,Classic,170₹,22,0
Maharashtra,Mumbai,PvrIconOberoiGoregaonE,English,20:00,Prime,250₹,96,15
Maharashtra,Mumbai,PvrIconOberoiGoregaonE,English,20:00,Recliner,500₹,26,2
Maharashtra,Mumbai,InoxMegaplexInorbitMall,English,20:00,Executive,300₹,56,0
Maharashtra,Mumbai,InoxMegaplexInorbitMall,English,20:00,Premiere,300₹,146,0
Maharashtra,Mumbai,InoxMegaplexInorbitMall,English,20:00,Silver,320₹,100,0
MadhyaPradesh,Indore,CarnivalMangalCityIndore,Hindi,20:00,Platinum,200₹,12,0
MadhyaPradesh,Indore,CarnivalMangalCityIndore,Hindi,20:00,Gold,130₹,327,0
MadhyaPradesh,Indore,CarnivalMangalCityIndore,Hindi,20:00,SilverOffline,130₹,77,0
UttarPradesh,Lucknow,CinepolisOneAwadhCenterMallGomtiNagar,English,20:05,Normal,140₹,29,0
UttarPradesh,Lucknow,CinepolisOneAwadhCenterMallGomtiNagar,English,20:05,Executive,150₹,96,0
UttarPradesh,Lucknow,CinepolisOneAwadhCenterMallGomtiNagar,English,20:05,Premium,160₹,39,0
UttarPradesh,Lucknow,CinepolisOneAwadhCenterMallGomtiNagar,English,20:05,Vip,450₹,9,0
Delhi,NewDelhi,PvrPromenadeVasantKunj,English,20:05,Classic,300₹,117,2
Delhi,NewDelhi,PvrPromenadeVasantKunj,English,20:05,Prime,330₹,12,6
WestBengal,Kolkata,InoxMetropolisMallHilandPark,English,20:05,Premier,140₹,36,0
WestBengal,Kolkata,InoxMetropolisMallHilandPark,English,20:05,Royal,300₹,14,2
WestBengal,Kolkata,InoxMetropolisMallHilandPark,English,20:05,Silver,140₹,147,6
WestBengal,Kolkata,PvrDiamondPlazaJassore,English,20:05,Classic,112₹,252,0
WestBengal,Kolkata,PvrDiamondPlazaJassore,English,20:05,Prime,200₹,11,0
WestBengal,Kolkata,PvrDiamondPlazaJassore,English,20:05,Recliner,360₹,10,0
Maharashtra,Mumbai,CarnivalImaxWadala,English,20:05,PlatinumOffline,200₹,212,0
Maharashtra,Mumbai,CarnivalImaxWadala,English,20:05,PremiumOffline,300₹,95,0
Telangana,Warangal,PvrMaddoxWarangal,English,20:10,Classic,112₹,158,2
Telangana,Hyderabad,PvrPrestonPrimeGachibowli,English,20:10,Classic,112₹,217,36
Gujarat,Surat,InoxDrWorldParvatPatiya,Hindi,20:10,Club,170₹,60,0
Gujarat,Surat,InoxDrWorldParvatPatiya,Hindi,20:10,Executive,150₹,45,0
Gujarat,Surat,InoxDrWorldParvatPatiya,Hindi,20:10,Royal,170₹,73,0
UttarPradesh,Ghaziabad,USCinemasErosMallIndirapuram,Hindi,20:10,LuxPlus,140₹,179,6
UttarPradesh,Ghaziabad,USCinemasErosMallIndirapuram,Hindi,20:10,Luxury,110₹,60,0
Maharashtra,Kalyan,InoxMetroJunctionMallKalyan,Hindi,20:10,Gold,270₹,39,6
Telangana,Hyderabad,PvrMallapurHyderabad,English,20:10,Classic,112₹,201,2
Maharashtra,Mumbai,PvrCitiMallAndheriW,English,20:10,Classic,150₹,46,0
Maharashtra,Mumbai,PvrCitiMallAndheriW,English,20:10,Recliner,340₹,24,3
Maharashtra,Mumbai,PvrCitiMallAndheriW,English,20:10,Prime,190₹,146,16
Maharashtra,Mumbai,PvrIconLuxeInfinitiAndheriWMumbai,English,20:10,Luxe,600₹,51,2
Maharashtra,Mumbai,PvrIconLuxeInfinitiAndheriWMumbai,English,20:10,LuxeSuperior,600₹,35,4
Maharashtra,Mumbai,CinepolisAndheriW,English,20:15,Premium,190₹,29,6
Maharashtra,Mumbai,CinepolisAndheriW,English,20:15,Platinum,300₹,21,0
Maharashtra,Mumbai,CinepolisAndheriW,English,20:15,Executive,170₹,93,2
Maharashtra,Mumbai,CinepolisAndheriW,English,20:15,Normal,150₹,32,2
Haryana,Gurgaon,InoxWorldMarkGurugram,English,20:15,Club,220₹,78,2
Haryana,Gurgaon,InoxWorldMarkGurugram,English,20:15,Executive,200₹,26,0
Haryana,Gurgaon,InoxWorldMarkGurugram,English,20:15,Royal,240₹,70,10
WestBengal,Kolkata,InoxCityCentreIiRajarhat,Hindi,20:15,Club,140₹,229,2
WestBengal,Kolkata,InoxCityCentreIiRajarhat,Hindi,20:15,Executive,140₹,42,0
Maharashtra,Nagpur,PvrEmpressCityMallNagpur,English,20:15,Classic,70₹,28,0
Maharashtra,Nagpur,PvrEmpressCityMallNagpur,English,20:15,Prime,110₹,84,0
Maharashtra,Nagpur,PvrEmpressCityMallNagpur,English,20:15,PrimePlus,130₹,110,30
Haryana,Hisar,MirajCinemasHisar,Hindi,20:20,Special,170₹,135,0
Haryana,Hisar,MirajCinemasHisar,Hindi,20:20,Executive,190₹,44,0
Delhi,NewDelhi,PvrVegas4DxDwarka,English,20:20,Prime,380₹,24,0
Delhi,NewDelhi,PvrVegas4DxDwarka,English,20:20,Classic,350₹,72,0
Uttarakhand,Rudrapur,WaveRudrapur,Hindi,20:20,Classic,150₹,141,6
Haryana,Faridabad,MirajCinemasEldecoFaridabad,Hindi,20:20,Executive,100₹,151,0
Haryana,Faridabad,MirajCinemasEldecoFaridabad,Hindi,20:20,Special,100₹,93,0
Haryana,Gurgaon,InoxGurgaonArdeeMall,English,20:20,Insignia,650₹,25,3
Haryana,Chandigarh,Pvr4DxElanteChandigarh,English,20:20,Classic,400₹,92,7
Maharashtra,Pune,InoxElproCitySquareChinchwad,English,20:25,Club,170₹,78,2
Maharashtra,Pune,InoxElproCitySquareChinchwad,English,20:25,Executive,150₹,26,0
Maharashtra,Pune,InoxElproCitySquareChinchwad,English,20:25,Royale,200₹,45,2
Uttarakhand,Dehradun,PvrPacificMallDehradun,English,20:25,Prime,190₹,87,4
Uttarakhand,Dehradun,PvrPacificMallDehradun,English,20:25,PrimePlus,300₹,10,0
Uttarakhand,Dehradun,PvrPacificMallDehradun,English,20:25,Classic,140₹,24,0
Haryana,Sonipat,MirajCinemaSonipatCityMall,Hindi,20:30,Executive,130₹,235,2
Haryana,Sonipat,MirajCinemaSonipatCityMall,Hindi,20:30,Prime,150₹,20,0
Maharashtra,Pune,PvrMarketCityGoldPune,English,20:30,GoldPrime,400₹,22,5
Maharashtra,Pune,PvrMarketCityGoldPune,English,20:30,GoldClassic,400₹,24,8
Haryana,Gurgaon,PvrDirectorsCutGurugramAmbienceMall,English,20:30,Platinum,600₹,40,4
Haryana,Gurgaon,PvrDirectorsCutGurugramAmbienceMall,English,20:30,PlatinumSuperior,600₹,17,7
Gujarat,Veraval,FunCinemaAradhanaCineplex,Hindi,20:30,Gold,140₹,125,0
Gujarat,Veraval,FunCinemaAradhanaCineplex,Hindi,20:30,Silver,140₹,125,0
Maharashtra,Mumbai,CinepolisMagnetMallBhandupW,English,20:30,Executive,130₹,71,2
Maharashtra,Mumbai,CinepolisMagnetMallBhandupW,English,20:30,Normal,130₹,36,0
Maharashtra,Pune,PvrIconPavillionMallShivajinagar,English,20:30,Classic,150₹,28,0
Maharashtra,Pune,PvrIconPavillionMallShivajinagar,English,20:30,Prime,170₹,134,19
Maharashtra,Pune,PvrIconPavillionMallShivajinagar,English,20:30,Recliner,400₹,8,5
Maharashtra,Pune,CinepolisSeasonsMallHadapsar,English,20:40,Normal,150₹,29,0
Maharashtra,Pune,CinepolisSeasonsMallHadapsar,English,20:40,Executive,150₹,83,5
Maharashtra,Pune,CinepolisSeasonsMallHadapsar,English,20:40,Premium,170₹,35,11
Delhi,NewDelhi,PvrPacificSubhashNagar4DxDelhi,English,20:50,Prime,350₹,56,32
Delhi,NewDelhi,PvrPacificSubhashNagar4DxDelhi,English,20:50,Classic,300₹,36,0
Punjab,Mohali,PvrVrPunjabMallMohali,English,20:50,Classic,180₹,105,6
Punjab,Mohali,PvrVrPunjabMallMohali,English,20:50,Prime,210₹,42,2
Delhi,NewDelhi,CinepolisDlfAvenueSaket,Hindi,20:55,Normal,350₹,96,0
WestBengal,Siliguri,CarnivalCinemaSiliguri,English,21:00,Special,110₹,42,0
WestBengal,Siliguri,CarnivalCinemaSiliguri,English,21:00,Executive,110₹,197,0
WestBengal,Siliguri,CarnivalCinemaSiliguri,English,21:00,Gold,160₹,46,0
Telangana,Hyderabad,CinepolisCcplMallMalkajgiri,English,21:00,Executive,150₹,116,0
Chhattisgarh,Jagdalpur,JhankarCinemaJagdalpur,Hindi,21:00,Balcony,70₹,10,1
MadhyaPradesh,Hoshangabad,MeenakshiMultiplexHoshangabad,Hindi,21:00,Platinum,200₹,19,0
MadhyaPradesh,Hoshangabad,MeenakshiMultiplexHoshangabad,Hindi,21:00,Gold,150₹,149,109
Karnataka,Mudhol,SuryavanshiMultiplexRocklineCinemas,Hindi,21:00,GoldClass,150₹,154,36
Bihar,Muzaffarpur,CineGalaxyMotijheelMuzaffarpur,Hindi,21:00,Deluxe,300₹,12,0
Bihar,Muzaffarpur,CineGalaxyMotijheelMuzaffarpur,Hindi,21:00,Executive,250₹,20,0
Bihar,Muzaffarpur,CineGalaxyMotijheelMuzaffarpur,Hindi,21:00,Gold,150₹,159,0
UttarPradesh,Meerut,NySatyamCinemas,Hindi,21:00,Ex,110₹,56,0
UttarPradesh,Meerut,NySatyamCinemas,Hindi,21:00,Nl,110₹,28,0
UttarPradesh,Meerut,NySatyamCinemas,Hindi,21:00,Pl,110₹,108,0
UttarPradesh,Pilkhuwa,NyCinemasPilkhuwa,Hindi,21:00,Gl,110₹,26,0
UttarPradesh,Pilkhuwa,NyCinemasPilkhuwa,Hindi,21:00,Pl,130₹,52,0
Gujarat,Surat,InoxRajImperialVarachhaRoad,Hindi,21:10,Gold,180₹,30,10
Gujarat,Surat,InoxRajImperialVarachhaRoad,Hindi,21:10,Imperial,280₹,9,8
Gujarat,Surat,InoxRajImperialVarachhaRoad,Hindi,21:10,Platinum,210₹,26,22
Gujarat,Surat,InoxRajImperialVarachhaRoad,Hindi,21:10,Silver,160₹,10,0
MadhyaPradesh,Indore,Pvr4DxTreasureIslandIndore,Hindi,21:10,4DxPrime,300₹,60,21
MadhyaPradesh,Indore,Pvr4DxTreasureIslandIndore,Hindi,21:10,4DxClassic,300₹,48,0
Maharashtra,Chandrapur,RadhakrishnaTalkies,Hindi,21:15,Gold,100₹,100,0
MadhyaPradesh,Bhopal,RajCinemaBhopal,Hindi,21:15,Diamond,110₹,220,138
MadhyaPradesh,Bhopal,RajCinemaBhopal,Hindi,21:15,Silver,80₹,128,128
Gujarat,Junagadh,SurajCineplexJunagadh,Hindi,21:15,Gold,220₹,116,0
Gujarat,Junagadh,SurajCineplexJunagadh,Hindi,21:15,Silver,200₹,131,0
Gujarat,Vapi,EmpressMultiplexEmpressMall,Hindi,21:15,Platinum,170₹,89,0
Gujarat,Vapi,EmpressMultiplexEmpressMall,Hindi,21:15,Gold,170₹,63,0
Gujarat,Vapi,EmpressMultiplexEmpressMall,Hindi,21:15,Silver,170₹,55,0
UttarPradesh,Ghaziabad,MovieMagicLoni,Hindi,21:15,Diamond,110₹,154,132
UttarPradesh,Ghaziabad,MovieMagicLoni,Hindi,21:15,Gold,110₹,88,66
Rajasthan,Kishangarh,TheCrystalParkCinemaAjmerRoad,Hindi,21:15,CoupleBoxR,300₹,6,6
Rajasthan,Kishangarh,TheCrystalParkCinemaAjmerRoad,Hindi,21:15,CoupleBox,250₹,6,6
Rajasthan,Kishangarh,TheCrystalParkCinemaAjmerRoad,Hindi,21:15,RoyalBox,350₹,5,5
Rajasthan,Kishangarh,TheCrystalParkCinemaAjmerRoad,Hindi,21:15,FamilyBox,250₹,24,0
Rajasthan,Kishangarh,TheCrystalParkCinemaAjmerRoad,Hindi,21:15,Gold,150₹,111,0
Rajasthan,Jaipur,CinepolisWorldTradeParkMalviyaNagar,Hindi,21:15,Normal,170₹,39,0
Rajasthan,Jaipur,CinepolisWorldTradeParkMalviyaNagar,Hindi,21:15,Executive,190₹,127,0
Rajasthan,Jaipur,CinepolisWorldTradeParkMalviyaNagar,Hindi,21:15,Premium,210₹,43,10
Rajasthan,Jaipur,CinepolisWorldTradeParkMalviyaNagar,Hindi,21:15,Vip,350₹,13,3
Karnataka,Bengaluru,InoxMantriSquareMalleshwaram,English,21:30,Club,370₹,222,6
UttarPradesh,Lucknow,InoxMegaplexPhoenixPalassioMallLucknow,English,21:30,Club,220₹,228,4
UttarPradesh,Lucknow,InoxMegaplexPhoenixPalassioMallLucknow,English,21:30,Executive,180₹,42,0
UttarPradesh,Lucknow,InoxMegaplexPhoenixPalassioMallLucknow,English,21:30,Royale,240₹,37,2
Karnataka,Bengaluru,CinepolisNexusShantiniketanThigalarapalya,English,21:30,Normal,300₹,91,16
UttarPradesh,Agra,SanjayTalkiesAgra,Hindi,21:30,Gold,130₹,388,118
UttarPradesh,Agra,SanjayTalkiesAgra,Hindi,21:30,Silver,80₹,300,0
UttarPradesh,Agra,SanjayTalkiesAgra,Hindi,21:30,DC,40₹,238,0
Maharashtra,Nagpur,SudamaTheatreNagpur,Hindi,21:30,Balcony,120₹,104,0
Maharashtra,Nagpur,SudamaTheatreNagpur,Hindi,21:30,DressCircle,100₹,165,0
Maharashtra,Nagpur,SudamaTheatreNagpur,Hindi,21:30,ReserveClass,80₹,294,0
Kerala,Anaikatti,CityCinema2KACAnaikatti,Tamil,21:30,Premium,100₹,236,0
WestBengal,Kolkata,CarnivalSaltLake,English,21:30,Silver,99₹,216,8
WestBengal,Kolkata,CarnivalSaltLake,English,21:30,Gold,150₹,12,2
Gujarat,Surat,BajrangCinemaVedRoad,Hindi,21:30,Prime,150₹,134,114
Kerala,Kochi,Pvr4DxLuluKochi,English,21:30,Classic,300₹,116,35
MadhyaPradesh,Singrauli,McmCineplexWaidhan,Hindi,21:30,Vip,280₹,33,8
MadhyaPradesh,Singrauli,McmCineplexWaidhan,Hindi,21:30,Platinum,220₹,90,12
MadhyaPradesh,Singrauli,McmCineplexWaidhan,Hindi,21:30,Gold,170₹,148,30
MadhyaPradesh,Singrauli,McmCineplexWaidhan,Hindi,21:30,Silver,110₹,45,0
Maharashtra,Mumbai,MoviemaxHumaKanjurmarg,Hindi,21:30,Silver,100₹,95,0
Maharashtra,Mumbai,MoviemaxHumaKanjurmarg,Hindi,21:30,Gold,100₹,136,0
Maharashtra,Mumbai,MoviemaxHumaKanjurmarg,Hindi,21:30,Platinum,100₹,66,0
Maharashtra,Mumbai,MoviemaxHumaKanjurmarg,Hindi,21:30,Recliner,180₹,16,0
WestBengal,Asansol,CarnivalSentrumMallAsansol,Hindi,21:30,Premium,110₹,63,0
WestBengal,Asansol,CarnivalSentrumMallAsansol,Hindi,21:30,Silver,110₹,150,0
WestBengal,Asansol,CarnivalSentrumMallAsansol,Hindi,21:30,Gold,110₹,43,0
Rajasthan,Jaipur,GolchaCinemaNewGate,Hindi,21:30,Excutive,120₹,134,0
Rajasthan,Jaipur,GolchaCinemaNewGate,Hindi,21:30,RoyalBox,150₹,71,0
UttarPradesh,Lucknow,PvrPhoenixUnitedMallAlambagh,Hindi,21:35,Classic,150₹,188,0
UttarPradesh,Lucknow,PvrPhoenixUnitedMallAlambagh,Hindi,21:35,Prime,200₹,24,2
UttarPradesh,Lucknow,PvrPhoenixUnitedMallAlambagh,Hindi,21:35,Recliner,300₹,10,10
UttarPradesh,Lucknow,InoxMegaplexEmeraldLucknow,Hindi,21:45,Club,160₹,48,0
UttarPradesh,Lucknow,InoxMegaplexEmeraldLucknow,Hindi,21:45,Executive,160₹,24,0
UttarPradesh,Lucknow,InoxMegaplexEmeraldLucknow,Hindi,21:45,Royale,160₹,51,0
Maharashtra,Aurangabad,MohanNovaCinemazSarafaRoad,Hindi,21:45,Platinum,110₹,51,0
Maharashtra,Aurangabad,MohanNovaCinemazSarafaRoad,Hindi,21:45,Gold,110₹,54,0
Maharashtra,Aurangabad,MohanNovaCinemazSarafaRoad,Hindi,21:45,Silver,110₹,54,0
Maharashtra,Mumbai,InoxMegaplexInorbitMall,English,21:45,Club,320₹,16,0
Maharashtra,Mumbai,InoxMegaplexInorbitMall,English,21:45,Royal,320₹,60,9
TamilNadu,Chennai,PvrVrMallAnnaNagar,English,21:50,Classic,66₹,24,24
TamilNadu,Chennai,PvrVrMallAnnaNagar,English,21:50,Prime,211₹,112,33
Rajasthan,Kota,FunCinemaCityMallKota,Hindi,21:50,Executive,140₹,94,0
Rajasthan,Kota,FunCinemaCityMallKota,Hindi,21:50,Normal,130₹,60,0
Maharashtra,Mumbai,PvrInfinitiMalad4DxMumbai,English,22:00,4DxPrime,290₹,52,23
Maharashtra,Mumbai,PvrInfinitiMalad4DxMumbai,English,22:00,4DxClassic,270₹,24,0
UttarPradesh,Ghazipur,AvStarworldCinemasBandhwaPull,Hindi,22:00,Diamond,200₹,38,20
UttarPradesh,Ghazipur,AvStarworldCinemasBandhwaPull,Hindi,22:00,Gold,190₹,67,42
UttarPradesh,Ghazipur,AvStarworldCinemasBandhwaPull,Hindi,22:00,Silver,170₹,130,92
UttarPradesh,GreaterNoida,UsCinemasEuropaLuxGalaxyBlueSapphire,English,22:00,Lux,130₹,80,0
UttarPradesh,GreaterNoida,UsCinemasEuropaLuxGalaxyBlueSapphire,English,22:00,LuxPlus,150₹,143,10
Maharashtra,Mumbai,MetroInoxCinemaMGRoad,English,22:00,Kiddles,260₹,36,4
Karnataka,Bengaluru,PvrVrImaxWhitefieldRoad,English,22:00,Classic,200₹,184,5
Karnataka,Bengaluru,PvrVrImaxWhitefieldRoad,English,22:00,Prime,230₹,64,2
MadhyaPradesh,Burhanpur,AnkitaMultiplexBalajiNagar,Hindi,22:00,Recliner,300₹,58,47
MadhyaPradesh,Burhanpur,AnkitaMultiplexBalajiNagar,Hindi,22:00,Vip,200₹,58,30
MadhyaPradesh,Burhanpur,AnkitaMultiplexBalajiNagar,Hindi,22:00,Gold,150₹,85,11
MadhyaPradesh,Burhanpur,AnkitaMultiplexBalajiNagar,Hindi,22:00,Silver,100₹,30,15
MadhyaPradesh,Burhanpur,AnkitaMultiplexBalajiNagar,Hindi,22:00,Lounger,150₹,12,0
Gujarat,Ahmedabad,PvrAcropolisMall4DxThaltej,Hindi,22:00,4DxPrime,400₹,80,42
Gujarat,Ahmedabad,PvrAcropolisMall4DxThaltej,Hindi,22:00,4DxClassic,400₹,36,0
Jharkhand,Ranchi,PvrNucleusMallRanchi,Hindi,22:05,Classic,190₹,28,0
Jharkhand,Ranchi,PvrNucleusMallRanchi,Hindi,22:05,Prime,235₹,57,0
Jharkhand,Ranchi,PvrNucleusMallRanchi,Hindi,22:05,PrimePlus,285₹,15,0
Jharkhand,Ranchi,PvrNucleusMallRanchi,Hindi,22:05,ClassicPlus,205₹,98,4
Maharashtra,Pune,CinepolisSeasonsMallHadapsar,English,22:05,Normal,350₹,84,8
Gujarat,Surat,CinepolisImperialSquareMallAdajan,Hindi,22:05,Normal,180₹,31,0
Gujarat,Surat,CinepolisImperialSquareMallAdajan,Hindi,22:05,Executive,180₹,207,4
Gujarat,Surat,CinepolisImperialSquareMallAdajan,Hindi,22:05,Premium,180₹,41,15
Karnataka,Bengaluru,CinepolisNexusShantiniketanThigalarapalya,English,22:10,Premium,240₹,51,7
Karnataka,Bengaluru,CinepolisNexusShantiniketanThigalarapalya,English,22:10,Executive,220₹,121,6
Karnataka,Bengaluru,CinepolisNexusShantiniketanThigalarapalya,English,22:10,Normal,200₹,40,0
Telangana,Hyderabad,PvrIconHitechMadhapur,English,22:10,Classic,112₹,179,27
Telangana,Hyderabad,PvrIconHitechMadhapur,English,22:10,Recliner,200₹,11,7
Maharashtra,Pune,CinepolisVipSeasonsMallHadapsar,English,22:10,Vip,400₹,74,8
Haryana,Gurgaon,PvrImaxAmbienceGurgaon,English,22:10,ClassicImax,200₹,165,5
Haryana,Gurgaon,PvrImaxAmbienceGurgaon,English,22:10,PrimeImax,250₹,113,9
Haryana,Gurgaon,PvrImaxAmbienceGurgaon,English,22:10,Lounger,250₹,9,6
UttarPradesh,Noida,CarnivalTgipNoida,English,22:10,Gold,150₹,225,8
UttarPradesh,Noida,CarnivalTgipNoida,English,22:10,Recliner,400₹,12,8
Haryana,Gurgaon,InoxGurgaonSapphire83,Hindi,22:15,Club,170₹,45,0
Haryana,Gurgaon,InoxGurgaonSapphire83,Hindi,22:15,RoyalRecliner,280₹,8,0
Haryana,Gurgaon,InoxGurgaonSapphire83,Hindi,22:15,Royal,190₹,106,3
Rajasthan,Jaipur,InoxPinkSquareMallRajaPark,English,22:15,Club,170₹,110,4
Rajasthan,Jaipur,InoxPinkSquareMallRajaPark,English,22:15,Executive,150₹,66,0
Rajasthan,Jaipur,InoxPinkSquareMallRajaPark,English,22:15,Royale,240₹,16,0
UttarPradesh,Lucknow,InoxGardensGalleriaMallRaebareliRoad,Hindi,22:15,Club,130₹,72,0
UttarPradesh,Lucknow,InoxGardensGalleriaMallRaebareliRoad,Hindi,22:15,Executive,112₹,24,0
UttarPradesh,Lucknow,InoxGardensGalleriaMallRaebareliRoad,Hindi,22:15,Royal,150₹,38,0
Chhattisgarh,Bhilai,PvrTreasureIslandBhilai,Hindi,22:15,Classic,120₹,30,0
Chhattisgarh,Bhilai,PvrTreasureIslandBhilai,Hindi,22:15,Prime,120₹,79,2
Chhattisgarh,Bhilai,PvrTreasureIslandBhilai,Hindi,22:15,PrimePlus,200₹,41,13
Maharashtra,Pune,InoxBundGarden,English,22:15,Royale,450₹,32,6
Rajasthan,Jaipur,InoxGtCentralMallMalviyaNagar,English,22:15,Kiddles,190₹,34,2
MadhyaPradesh,Indore,InoxC21MallSheetalNagar,English,22:15,Club,300₹,30,0
MadhyaPradesh,Indore,InoxC21MallSheetalNagar,English,22:15,Royal,300₹,52,8
Maharashtra,Mumbai,PvrIconPhoenixPalladiumLowerParelMumbai,English,22:15,Lounger,280₹,14,2
Maharashtra,Mumbai,PvrIconPhoenixPalladiumLowerParelMumbai,English,22:15,Classic,240₹,38,0
Maharashtra,Mumbai,PvrIconPhoenixPalladiumLowerParelMumbai,English,22:15,Prime,300₹,186,29
Maharashtra,Mumbai,PvrIconPhoenixPalladiumLowerParelMumbai,English,22:15,Recliner,550₹,14,8
TamilNadu,Chennai,PvrAmpaSkywalkMallAminjikarai,Tamil,22:15,Classic,60₹,17,17
TamilNadu,Chennai,PvrAmpaSkywalkMallAminjikarai,Tamil,22:15,Prime,190₹,116,0
Haryana,Rohtak,InoxSkytechMallRohtak,Hindi,22:15,Club,140₹,106,0
Haryana,Rohtak,InoxSkytechMallRohtak,Hindi,22:15,Executive,110₹,42,0
Haryana,Rohtak,InoxSkytechMallRohtak,Hindi,22:15,Royale,160₹,51,0
Maharashtra,Mumbai,PvrDynamicJuhu,English,22:15,Prime,260₹,72,21
Maharashtra,Mumbai,PvrDynamicJuhu,English,22:15,Classic,230₹,40,2
UttarPradesh,Ghaziabad,NewUsCinemasAdityaMall,Hindi,22:20,Luxury,110₹,130,5
UttarPradesh,Ghaziabad,NewUsCinemasAdityaMall,Hindi,22:20,LuxuryPlus,140₹,132,11
UttarPradesh,GreaterNoida,PvrGaurCityGreaterNoida,Hindi,22:20,Classic,180₹,106,0
UttarPradesh,GreaterNoida,PvrGaurCityGreaterNoida,Hindi,22:20,Prime,200₹,13,7
Delhi,NewDelhi,PvrVegasImaxDwarka,English,22:20,Prime,330₹,97,0
Delhi,NewDelhi,PvrVegasImaxDwarka,English,22:20,Classic,300₹,228,0
Maharashtra,Mumbai,CinepolisNexusSeawoodsNaviMumbai,English,22:20,Normal,220₹,53,0
Maharashtra,Mumbai,CinepolisNexusSeawoodsNaviMumbai,English,22:20,Executive,240₹,103,12
Maharashtra,Mumbai,CinepolisNexusSeawoodsNaviMumbai,English,22:20,Premium,260₹,71,3
UttarPradesh,Allahabad,PvrVinayakPrayagraj,Hindi,22:20,Classic,160₹,58,0
UttarPradesh,Allahabad,PvrVinayakPrayagraj,Hindi,22:20,Prime,180₹,57,15
UttarPradesh,Allahabad,PvrVinayakPrayagraj,Hindi,22:20,Recliner,340₹,9,4
Haryana,Gurgaon,PvrMgfMall4DxGurgaon,English,22:20,Classic,300₹,84,8
Gujarat,Vadodara,PvrTransCubeVadodara,Hindi,22:20,Classic,150₹,34,0
Gujarat,Vadodara,PvrTransCubeVadodara,Hindi,22:20,Prime,150₹,100,4
Gujarat,Vadodara,PvrTransCubeVadodara,Hindi,22:20,Recliner,300₹,8,0
Maharashtra,Pune,CarnivalPremierPlazaChinchwad,Hindi,22:20,PlatinumOffline,170₹,189,0
Maharashtra,Pune,CarnivalPremierPlazaChinchwad,Hindi,22:20,GoldOffline,150₹,84,0
Maharashtra,Pune,CarnivalPremierPlazaChinchwad,Hindi,22:20,SilverOffline,130₹,42,3
Maharashtra,Pune,CarnivalPremierPlazaChinchwad,Hindi,22:20,PremiumReclineOffline,250₹,19,9
TamilNadu,Coimbatore,SpiTheCinemaBrookefieldsMall,English,22:25,Budget,66₹,19,0
TamilNadu,Coimbatore,SpiTheCinemaBrookefieldsMall,English,22:25,Elite,211₹,165,19
Chhattisgarh,Raipur,PvrMagnetoTheMallRaipur,Hindi,22:25,Classic,120₹,38,0
Chhattisgarh,Raipur,PvrMagnetoTheMallRaipur,Hindi,22:25,Prime,140₹,192,29
Chhattisgarh,Raipur,PvrMagnetoTheMallRaipur,Hindi,22:25,Recliner,320₹,22,0
Maharashtra,Nagpur,PvrEmpressCityMallNagpur,English,22:25,Classic,70₹,26,0
Maharashtra,Nagpur,PvrEmpressCityMallNagpur,English,22:25,Prime,110₹,52,0
Maharashtra,Nagpur,PvrEmpressCityMallNagpur,English,22:25,PrimePlus,130₹,45,16
Jharkhand,Jamshedpur,PjpCinepolisCityCentreMallMauja,Hindi,22:30,Normal,160₹,22,0
Jharkhand,Jamshedpur,PjpCinepolisCityCentreMallMauja,Hindi,22:30,Executive,180₹,33,0
Jharkhand,Jamshedpur,PjpCinepolisCityCentreMallMauja,Hindi,22:30,Premium,200₹,59,0
TamilNadu,Chennai,SpiPalazzoNexusVijayaMallVadapalaniChennai,English,22:30,Elite,211₹,218,19
TamilNadu,Chennai,SpiPalazzoNexusVijayaMallVadapalaniChennai,English,22:30,Budget,66₹,34,31
Maharashtra,Pune,RajhansCinemas93AvenueMallFatimaNagar,Hindi,22:30,Recliner,250₹,23,9
Maharashtra,Pune,RajhansCinemas93AvenueMallFatimaNagar,Hindi,22:30,Executive,150₹,172,22
Maharashtra,Pune,RajhansCinemas93AvenueMallFatimaNagar,Hindi,22:30,Royal,150₹,72,0
Maharashtra,Pune,RajhansCinemas93AvenueMallFatimaNagar,Hindi,22:30,Marvel,150₹,36,0
Gujarat,Anand,GoldCinemaAnand,Hindi,22:30,Diamond,140₹,72,0
Gujarat,Anand,GoldCinemaAnand,Hindi,22:30,Gold,140₹,45,0
UttarPradesh,Lucknow,InoxMegaplexPhoenixPalassioMallLucknow,Hindi,22:30,Club,220₹,48,2
UttarPradesh,Lucknow,InoxMegaplexPhoenixPalassioMallLucknow,Hindi,22:30,Executive,180₹,20,0
UttarPradesh,Lucknow,InoxMegaplexPhoenixPalassioMallLucknow,Hindi,22:30,Royale,240₹,53,10
Karnataka,Bengaluru,Pvr4DxOrionMallDrRajkumarRoad,English,22:30,Classic,330₹,88,16
Rajasthan,Jaipur,CinepolisTritonMegaMallJhotwaraRoad,Hindi,22:30,Executive,140₹,199,33
Rajasthan,Jaipur,CinepolisTritonMegaMallJhotwaraRoad,Hindi,22:30,Normal,140₹,34,0
Karnataka,Bengaluru,PvrVega4DxBannerghattaRoad,English,22:30,Classic,330₹,100,5
Karnataka,Bengaluru,PvrImaxVegaCityBannerghattaRoad,English,22:30,Classic,200₹,250,11
Karnataka,Bengaluru,PvrImaxVegaCityBannerghattaRoad,English,22:30,Prime,230₹,43,6
Karnataka,Bengaluru,PvrCentralSpiritMallBellandur,English,22:30,Classic,190₹,36,2
Karnataka,Bengaluru,PvrCentralSpiritMallBellandur,English,22:30,Prime,210₹,32,18
Telangana,Hyderabad,PvrNextGalleriaMallPanjagutta,English,22:30,Classic,112₹,181,48
Telangana,Hyderabad,PvrNextGalleriaMallPanjagutta,English,22:30,Recliner,200₹,9,5
WestBengal,Kolkata,InoxQuestMallBallygunge,English,22:30,Club,220₹,162,0
WestBengal,Kolkata,InoxQuestMallBallygunge,English,22:30,Executive,180₹,30,0
WestBengal,Kolkata,InoxQuestMallBallygunge,English,22:30,RoyalRecliner,390₹,10,0
WestBengal,Kolkata,InoxQuestMallBallygunge,English,22:30,Royal,230₹,48,0
AndhraPradesh,Kakinada,InoxSrmtMallRamanayyapeta,English,22:30,Executive,112₹,131,1
Karnataka,Bengaluru,PvrPepsiKotakImaxNexusFormerlyForumKoramangala,English,22:30,Classic,200₹,227,6
Karnataka,Bengaluru,PvrPepsiKotakImaxNexusFormerlyForumKoramangala,English,22:30,Prime,230₹,105,16
Maharashtra,Mumbai,PvrXperiaPalavaDombivaliE,Hindi,22:30,Classic,180₹,36,0
Maharashtra,Mumbai,PvrXperiaPalavaDombivaliE,Hindi,22:30,Prime,200₹,108,8
Maharashtra,Mumbai,PvrXperiaPalavaDombivaliE,Hindi,22:30,Recliner,290₹,12,0
UttarPradesh,Lucknow,PvrSaharaGanjMallHazratganj,Hindi,22:30,Classic,170₹,171,0
UttarPradesh,Lucknow,PvrSaharaGanjMallHazratganj,Hindi,22:30,Recliner,290₹,12,0
UttarPradesh,Noida,PvrLogixCityCentreImaxNoida,English,22:35,Prime,310₹,288,2
UttarPradesh,Noida,PvrLogixCityCentreImaxNoida,English,22:35,Recliner,600₹,20,0
Rajasthan,Udaipur,InoxLakeCityMallAshokNagar,Hindi,22:35,Club,130₹,175,1
Rajasthan,Udaipur,InoxLakeCityMallAshokNagar,Hindi,22:35,Executive,112₹,25,0
Delhi,NewDelhi,MovieTimePitampura,Hindi,22:35,Platinum,100₹,242,242
Delhi,NewDelhi,MovieTimePitampura,Hindi,22:35,Premier,100₹,51,51
AndhraPradesh,Kurnool,InoxJyotiMallKurnool,English,22:40,Executive,177₹,358,0
UttarPradesh,Noida,CinepolisModiMallFormerlySpiceMall,Hindi,22:40,Classic,170₹,171,2
UttarPradesh,Noida,CinepolisModiMallFormerlySpiceMall,Hindi,22:40,Premium,170₹,75,9
MadhyaPradesh,Bhopal,CinepolisAashimaMallBawadiyaKalan,Hindi,22:40,Normal,150₹,30,0
MadhyaPradesh,Bhopal,CinepolisAashimaMallBawadiyaKalan,Hindi,22:40,Executive,150₹,102,0
MadhyaPradesh,Bhopal,CinepolisAashimaMallBawadiyaKalan,Hindi,22:40,Premium,150₹,73,0
Gujarat,Surat,InoxVrSuratDumasRoad,Hindi,22:40,Club,190₹,102,0
Gujarat,Surat,InoxVrSuratDumasRoad,Hindi,22:40,Executive,170₹,34,0
Gujarat,Surat,InoxVrSuratDumasRoad,Hindi,22:40,Royal,210₹,54,12
Gujarat,Surat,InoxVrSuratDumasRoad,Hindi,22:40,RoyalRecliner,370₹,12,3
Telangana,Hyderabad,Pvr4DxNexusMallFormerlyForumSujanaKukatpallyHyderabad,English,22:40,4DxClassic,350₹,108,47
Maharashtra,Mumbai,CarnivalImaxWadala,English,22:40,PlatinumOffline,200₹,212,0
Maharashtra,Mumbai,CarnivalImaxWadala,English,22:40,PremiumOffline,300₹,95,2
Haryana,Faridabad,InoxEf3MallMathuraRoad,Hindi,22:45,Club,100₹,134,11
Haryana,Faridabad,InoxEf3MallMathuraRoad,Hindi,22:45,Executive,80₹,24,1
Haryana,Faridabad,InoxEf3MallMathuraRoad,Hindi,22:45,Royale,140₹,35,4
Maharashtra,NaviMumbai,InoxPalmBeachGalleriaMallVashi,English,22:45,Insignia,370₹,36,4
Haryana,Gurgaon,InoxSapphire90MallGurugram,Hindi,22:45,Club,190₹,76,0
Haryana,Gurgaon,InoxSapphire90MallGurugram,Hindi,22:45,Executive,170₹,32,0
Haryana,Gurgaon,InoxSapphire90MallGurugram,Hindi,22:45,RoyaleRecliner,280₹,11,0
Haryana,Gurgaon,InoxSapphire90MallGurugram,Hindi,22:45,Royale,190₹,34,0
Maharashtra,Mumbai,PvrMarketCity4DxKurlaW,English,22:45,4DxPrime,400₹,80,20
Maharashtra,Mumbai,PvrMarketCity4DxKurlaW,English,22:45,4DxClassic,350₹,60,1
Maharashtra,Mumbai,InoxRCityGhatkoparW,English,22:45,Club,310₹,174,6
Maharashtra,Mumbai,InoxRCityGhatkoparW,English,22:45,Executive,290₹,59,0
Maharashtra,Mumbai,InoxRCityGhatkoparW,English,22:45,Royal,320₹,95,2
HimachalPradesh,Bilaspur,PvrRamaMagnetoMallBilaspur,Hindi,22:45,Classic,112₹,40,0
HimachalPradesh,Bilaspur,PvrRamaMagnetoMallBilaspur,Hindi,22:45,Prime,140₹,116,23
HimachalPradesh,Bilaspur,PvrRamaMagnetoMallBilaspur,Hindi,22:45,PrimePlus,250₹,13,7
UttarPradesh,Noida,WaveNoida,English,22:45,Classic,150₹,210,9
Maharashtra,Mumbai,InoxMegaplexInorbitMall,English,22:45,Executive,300₹,56,0
Maharashtra,Mumbai,InoxMegaplexInorbitMall,English,22:45,Premiere,300₹,146,2
Maharashtra,Mumbai,InoxMegaplexInorbitMall,English,22:45,Silver,320₹,100,1
Maharashtra,Pune,CinepolisNexusWestend,English,22:45,Normal,200₹,40,0
Maharashtra,Pune,CinepolisNexusWestend,English,22:45,Executive,200₹,162,5
Maharashtra,Pune,CinepolisNexusWestend,English,22:45,Premium,200₹,51,12
Telangana,Hyderabad,CinepolisMantraMallUpparpally,English,22:50,Normal,150₹,139,2
Telangana,Hyderabad,CinepolisMantraMallUpparpally,English,22:50,Vip,250₹,11,2
Punjab,Ludhiana,PvrPavilionMallLudhiana,Hindi,22:50,Classic,180₹,70,0
AndhraPradesh,Vizag,InoxChitralayaaMallChitralayaa,English,22:50,Executive,177₹,149,6
UttarPradesh,Ghaziabad,PvrMahagunVaishali,English,22:50,Classic,170₹,159,0
UttarPradesh,Ghaziabad,PvrMahagunVaishali,English,22:50,Recliner,340₹,10,6
Maharashtra,Pune,PvrMarketCity4DxVimanNagar,English,22:50,4DxClassic,350₹,48,0
Maharashtra,Pune,PvrMarketCity4DxVimanNagar,English,22:50,4DxPrime,400₹,72,21
Delhi,NewDelhi,PvrSelectCityWalkImaxLaserSaket,English,22:50,LoungerNormal,250₹,11,0
Delhi,NewDelhi,PvrSelectCityWalkImaxLaserSaket,English,22:50,ClassicNormal,200₹,107,0
Delhi,NewDelhi,PvrSelectCityWalkImaxLaserSaket,English,22:50,Prime,250₹,111,1
Delhi,NewDelhi,PvrSelectCityWalkImaxLaserSaket,English,22:50,ReclinersNormal,600₹,17,0
Maharashtra,Mumbai,PvrIconOberoiGoregaonE,English,22:50,Classic,170₹,22,0
Maharashtra,Mumbai,PvrIconOberoiGoregaonE,English,22:50,Prime,250₹,96,15
Maharashtra,Mumbai,PvrIconOberoiGoregaonE,English,22:50,Recliner,500₹,26,0
Maharashtra,Mumbai,InoxLaserplexCr2NarimanPoint,English,22:55,Club,340₹,160,0
Maharashtra,Mumbai,InoxLaserplexCr2NarimanPoint,English,22:55,Royale,360₹,82,0
Delhi,NewDelhi,M2KRohini,Hindi,22:55,Gold,208₹,38,4
Delhi,NewDelhi,M2KRohini,Hindi,22:55,Silver,162₹,185,4
Gujarat,Surat,PvrRahulRaj4DxDumasRoad,Hindi,22:55,4DxPrime,440₹,60,11
Gujarat,Surat,PvrRahulRaj4DxDumasRoad,Hindi,22:55,4DxClassic,420₹,24,0
Telangana,Hyderabad,CinepolisSudhaCinemasRajpalNagar,Hindi,22:55,Normal,150₹,72,0
Telangana,Hyderabad,CinepolisSudhaCinemasRajpalNagar,Hindi,22:55,Executive,150₹,148,24
Haryana,Gurgaon,PvrCityCentreGurgaon,English,22:55,Classic,200₹,40,0
Haryana,Gurgaon,PvrCityCentreGurgaon,English,22:55,Prime,250₹,94,2
Haryana,Gurgaon,PvrCityCentreGurgaon,English,22:55,Recliner,400₹,12,0
AndhraPradesh,Vijayawada,CapitalCinemasTrendsetMallKalaNagar,Telugu,22:55,Gold,295₹,34,20
AndhraPradesh,Vijayawada,CapitalCinemasTrendsetMallKalaNagar,Telugu,22:55,Executive,177₹,514,257
Telangana,Hyderabad,CinepolisDslVirtueMallUppal,English,23:00,Normal,150₹,25,0
Telangana,Hyderabad,CinepolisDslVirtueMallUppal,English,23:00,Executive,150₹,120,4
Telangana,Hyderabad,CinepolisDslVirtueMallUppal,English,23:00,Vip,250₹,10,5
Maharashtra,Mumbai,MovieTimeChembur,English,23:00,Silver,130₹,76,0
Haryana,Gurgaon,InoxGurgaonArdeeMall,English,23:00,Insignia,650₹,25,2
Delhi,NewDelhi,PvrVegas4DxDwarka,English,23:10,Prime,380₹,24,0
Delhi,NewDelhi,PvrVegas4DxDwarka,English,23:10,Classic,350₹,72,0
UttarPradesh,Noida,PvrLogixCityCentre4DxNoida,English,23:10,Classic,425₹,80,4
UttarPradesh,Lucknow,CinepolisOneAwadhCenterMallGomtiNagar,Hindi,23:10,Normal,140₹,27,0
UttarPradesh,Lucknow,CinepolisOneAwadhCenterMallGomtiNagar,Hindi,23:10,Executive,150₹,90,0
UttarPradesh,Lucknow,CinepolisOneAwadhCenterMallGomtiNagar,Hindi,23:10,Premium,160₹,34,0
UttarPradesh,Lucknow,CinepolisOneAwadhCenterMallGomtiNagar,Hindi,23:10,Vip,450₹,11,0
Haryana,Chandigarh,Pvr4DxElanteChandigarh,English,23:10,Classic,400₹,92,0
Maharashtra,Mumbai,PvrIconLuxeInfinitiAndheriWMumbai,English,23:10,Luxe,600₹,51,0
Maharashtra,Mumbai,PvrIconLuxeInfinitiAndheriWMumbai,English,23:10,DboxLuxe,600₹,33,24
Delhi,NewDelhi,PvrSapphirePacificD21Dwarka,English,23:15,Classic,230₹,33,0
Delhi,NewDelhi,PvrSapphirePacificD21Dwarka,English,23:15,Prime,250₹,17,0
Maharashtra,Pune,InoxAmanoraTownCentreHadapsar,English,23:15,Club,150₹,109,2
Maharashtra,Pune,InoxAmanoraTownCentreHadapsar,English,23:15,Executive,150₹,21,0
Maharashtra,Pune,InoxAmanoraTownCentreHadapsar,English,23:15,Royale,230₹,3,0
Uttarakhand,Dehradun,PvrPacificMallDehradun,English,23:15,Prime,190₹,87,0
Uttarakhand,Dehradun,PvrPacificMallDehradun,English,23:15,PrimePlus,300₹,10,0
Uttarakhand,Dehradun,PvrPacificMallDehradun,English,23:15,Classic,140₹,24,0
Orissa,Bhubaneswar,CinepolisNexusEsplanadeBhubaneswar,English,23:15,Vip,400₹,11,0
Orissa,Bhubaneswar,CinepolisNexusEsplanadeBhubaneswar,English,23:15,Premium,160₹,51,8
Orissa,Bhubaneswar,CinepolisNexusEsplanadeBhubaneswar,English,23:15,Executive,150₹,42,0
Orissa,Bhubaneswar,CinepolisNexusEsplanadeBhubaneswar,English,23:15,Normal,140₹,28,0
Maharashtra,Pune,PvrMarketCityGoldPune,English,23:20,GoldPrime,400₹,22,22
Maharashtra,Pune,PvrMarketCityGoldPune,English,23:20,GoldClassic,400₹,24,24
Maharashtra,Pune,CinepolisSeasonsMallHadapsar,Hindi,23:20,Normal,150₹,29,0
Maharashtra,Pune,CinepolisSeasonsMallHadapsar,Hindi,23:20,Executive,150₹,83,2
Maharashtra,Pune,CinepolisSeasonsMallHadapsar,Hindi,23:20,Premium,170₹,35,4
Punjab,Mohali,PvrVrPunjabMallMohali,English,23:20,Classic,180₹,105,0
Punjab,Mohali,PvrVrPunjabMallMohali,English,23:20,Prime,210₹,42,0
Maharashtra,Thane,CinepolisVivianaMallThaneW,English,23:30,Normal,290₹,39,4
Maharashtra,Thane,CinepolisVivianaMallThaneW,English,23:30,Executive,310₹,224,13
Maharashtra,Thane,CinepolisVivianaMallThaneW,English,23:30,Premium,330₹,57,20
Delhi,NewDelhi,CinepolisDlfAvenueSaket,English,23:35,Normal,350₹,96,0
Delhi,NewDelhi,PvrPacificSubhashNagar4DxDelhi,English,23:40,Prime,350₹,56,2
Delhi,NewDelhi,PvrPacificSubhashNagar4DxDelhi,English,23:40,Classic,300₹,36,0
Delhi,NewDelhi,PvrSaketDelhi,Hindi,23:40,Classic,195₹,52,9
Delhi,NewDelhi,PvrSaketDelhi,Hindi,23:40,Prime,245₹,41,7
WestBengal,Kolkata,CarnivalSaltLake,English,23:55,Silver,99₹,216,0
WestBengal,Kolkata,CarnivalSaltLake,English,23:55,Gold,150₹,12,0